,發言日期,發言時間,發言人,發言人職稱,發言電話,主旨,符合條款,事實發生日,說明
0, 108/01/04, 16:02:02, 顧大為, 財務長, (03)5670766, 公告本公司參與機構投資人說明會,"　第
12 款	"," 108/01/07
","
符合條款第四條第XX款：12
事實發生日：108/01/07
1.召開法人說明會之日期：108/01/07 ~ 108/01/08
2.召開法人說明會之時間：09 時 00 分 
3.召開法人說明會之地點：拉斯維加斯
4.法人說明會擇要訊息：公告本公司108年1月8日至1月9日受邀參加野村證券於拉斯維加斯舉辦之Nomura@CES 2019，會中就本公司已公開發佈之財務數字、經營績效等相關資訊做說明。簡報資料請參閱公開資訊觀測站。
5.其他應敘明事項：無
完整財務業務資訊請至公開資訊觀測站之法人說明會一覽表或法說會項目下查閱。"
1, 108/01/10, 16:56:47, 顧大為, 財務長, (03)5670766, 聯發科技107年12月份自結合併營收淨額公告,"　第
51 款	"," 108/01/10
","
1.事實發生日:108/01/10
2.公司名稱:聯發科技股份有限公司
3.與公司關係(請輸入本公司或子公司):本公司
4.相互持股比例:不適用
5.發生緣由:
聯發科技一百零七年十二月份自結合併營收淨額為新台幣213億8仟7佰萬元，
較前月合併營收淨額新台幣186億6仟9佰萬元增加14.56%。
6.因應措施:無
7.其他應敘明事項:無"
2, 108/01/16, 16:56:00, 顧大為, 財務長, (03)5670766, 本公司於108/01/30召開第四季法人說明會,"　第
12 款	"," 108/01/30
","
符合條款第四條第XX款：12
事實發生日：108/01/30
1.召開法人說明會之日期：108/01/30
2.召開法人說明會之時間：16 時 00 分 
3.召開法人說明會之地點：線上法說會
4.法人說明會擇要訊息：聯發科技股份有限公司(代號：2454)擬於2019年01月30日(星期三)舉行2018年第四季線上法人說明會，由執行長蔡力行先生以及財務長暨發言人顧大為先生擔任主講人，報告本公司的營運成果並回答投資人提問。
有意參加者可透過網路連結至本公司網站之投資人專區參加線上法人說明會。欲提問之投資人請撥打以下電話號碼參加會議。
日程及網路會議網址：
日期: 2019年01月30日(星期三)
 時間: 4:00 – 5:00 p.m.      語言: 中文
 網址: http://wms.gridow.com/ir/mediatek/tw/mediatek_2018Q4_tw.html
 時間: 5:30 – 6:30 p.m.      語言: 英文
 網址: http://wms.gridow.com/ir/mediatek/en/mediatek_2018Q4_en.html
電話法人說明會撥打號碼: +886-2-21928016
電話接通後，請按代碼: 635313#
本公司當季財務報告新聞稿您可以於會議前 10至15分鐘至本公司網站www.mediatek.com下載。若您有任何問題請撥打+ 886-3-567-0766 與我們的投資人關係專人連絡。
5.其他應敘明事項：無
完整財務業務資訊請至公開資訊觀測站之法人說明會一覽表或法說會項目下查閱。"
3, 108/01/25, 17:53:47, 顧大為, 財務長, (03)5670766," 代子公司Gaintech Co. Limited公告新增投資Phi Fund, L.P.","　第
20 款	"," 108/01/25
","
1.標的物之名稱及性質（屬特別股者，並應標明特別股約定發行條件，如股息率等）:
Phi Fund, L.P.
2.事實發生日:108/1/25~108/1/25
3.交易數量、每單位價格及交易總金額:
不適用; 不適用; US$12,000,000
4.交易相對人及其與公司之關係（交易相對人如屬自然人，且非公司之
關係人者，得免揭露其姓名）:
Phi Fund, L.P.; 非關係人
5.交易相對人為關係人者，並應公告選定關係人為交易對象之原因及前次移
轉之所有人、前次移轉之所有人與公司及交易相對人間相互之關係、前次
移轉日期及移轉金額:
不適用
6.交易標的最近五年內所有權人曾為公司之關係人者，尚應公告關係人之取
得及處分日期、價格及交易當時與公司之關係:
不適用
7.本次係處分債權之相關事項（含處分之債權附隨擔保品種類、處分債權
如有屬對關係人債權者尚需公告關係人名稱及本次處分該關係人之債權
帳面金額:
不適用
8.處分利益（或損失）（取得有價證券者不適用）（原遞延者應列表說明
認列情形）:
不適用
9.交付或付款條件（含付款期間及金額）、契約限制條款及其他重要約定
事項:
依合約規定
10.本次交易之決定方式、價格決定之參考依據及決策單位:
Gaintech Co. Limited 董事會決議
11.取得或處分有價證券標的公司每股淨值:
不適用
12.迄目前為止，累積持有本交易證券（含本次交易）之數量、金額、持股
比例及權利受限情形（如質押情形）:
不適用; US$12,000,000; 19.8%; 無
13.迄目前為止，依「公開發行公司取得或處分資產處理準則」第三條所列
之有價證券投資（含本次交易）占公司最近期財務報表中總資產及歸屬
於母公司業主之權益之比例暨最近期財務報表中營運資金數額（註二）:
27.18%; 32.87%; NT$31,226,432千元
14.經紀人及經紀費用:
無
15.取得或處分之具體目的或用途:
長期投資
16.本次交易表示異議董事之意見:
無
17.本次交易為關係人交易:否
18.董事會通過日期:
民國108年01月25日
19.監察人承認或審計委員會同意日期:
不適用
20.本次交易會計師出具非合理性意見:不適用
21.會計師事務所名稱:
不適用
22.會計師姓名:
不適用
23.會計師開業證書字號:
不適用
24.其他敘明事項:
無"
4, 108/01/30, 18:20:29, 顧大為, 財務長, (03)5670766, 本公司2018年第4季合併財務報告,"　第
51 款	"," 108/01/30
","
1.事實發生日:108/01/30
2.公司名稱:聯發科技股份有限公司
3.與公司關係(請輸入本公司或子公司):本公司
4.相互持股比例:不適用
5.發生緣由:
聯發科技公佈2018年第4季合併財務報告
本季合併營收為新台幣608億9仟2佰萬元，較前季減少9.2%
本季合併毛利率為38.9%，較前季增加0.4個百分點
本季合併營業利益為新台幣38億5仟1佰萬元，較前季減少39.0%
本季合併本期淨利為新台幣37億5仟2佰萬元，每股盈餘為新台幣2.42元
2018年合併全年營收達新台幣2,380億5仟7佰萬元，合併毛利率為38.5%，
較去年增加2.9個百分點
2018年合併營業利益為新台幣161億8仟2佰萬元，較去年增加64.8%，每股
盈餘為新台幣13.26元

合併營業收入
本公司2018年12月31日結算之第4季營業收入淨額為新台幣608億9仟2佰萬
元，較前季減少9.2%，較去年同期增加0.8%。本季營收較前期減少，主要
因各類消費性電子需求淡季。
2018年全年營業收入淨額為新台幣2,380億5仟7佰萬元，較去年減少0.1%。

合併營業毛利與毛利率
本季營業毛利為新台幣237億2佰萬元，較前季減少8.2%，較去年同期增
加4.9%。毛利率為38.9%，較前季增加0.4個百分點，較去年同期增加1.5個
百分點。毛利率較前期及去年同期增加，主要因有利的產品組合。
2018年全年營業毛利為新台幣917億2仟4佰萬元（毛利率：38.5%），較去年
增加8.1%。

合併本期淨利、合併本期淨利率與每股盈餘
本季本期淨利為新台幣37億5仟2佰萬元，較前一季減少45.4%，較去年同期
減少63.1%。本季本期淨利率為6.2%，低於前一季之10.3%，低於去年同期
之16.8%。每股盈餘為新台幣2.42元，前一季每股盈餘為新台幣4.39元，去
年同期則為新台幣6.50元。本季本期淨利、本期淨利率與每股盈餘較前季
減少，主要因本季營收較前期下降，且營業費用較前期略微增加。本季本
期淨利、本期淨利率與每股盈餘較去年同期減少，主要因去年同期有處分
股權而認列的一次性處分利益，而本季則無。
2018年全年淨利為新台幣207億8仟2佰萬元，較去年減少13.7%。2018年每股
盈餘為新台幣13.26元，低於去年之新台幣15.56元。

2019年第一季營運展望
合併營收: 約新台幣 487 億 ~ 536 億元
(假設2019-Q1美元兌台幣平均匯率為1：30.9)
合併毛利率: 39.5%  ±  1.5%
合併營業費用率: 35%  ±  2%
6.因應措施:不適用
7.其他應敘明事項:無"
5, 108/01/30, 18:21:06, 顧大為, 財務長, (03)5670766," 公告本公司董事會決議辦理限制員工權利新股收回註銷減資
事宜","　第
11 款	"," 108/01/30
","
1.董事會決議日期:108/01/30
2.減資緣由:因原獲配限制員工權利新股之員工未達既得條件，將收回之限制員工權利
新股辦理註銷減資。
3.減資金額:新台幣371,000元
4.消除股份:37,100股
5.減資比率:0.0023%
6.減資後股本:新台幣15,914,698,770元
7.預定股東會日期:不適用
8.預計減資新股上市後之上市普通股股數:1,591,469,877股
9.預計減資新股上市後之上市普通股股數占已發行普通股比率
（減資後上市普通股股數/減資後已發行普通股股數）:不適用
10.前二項預計減資後上巿普通股股數未達6000萬股且未達25%者，
請說明股權流通性偏低之因應措施:不適用
11.其他應敘明事項:訂定減資基準日為108/2/26"
6, 108/01/30, 18:24:02, 顧大為, 財務長, (03)5670766, 民國108年度第一季簡式合併財務預測公告,"　第
13 款	"," 108/01/30
","
1.財務預測年度：108
2.財務預測型態：簡式
3.董事會決議日期：1080130
4.財務預測編制、更正或更新日期：108/01/28
5.財務預測編製原因：
自願公開
6.其他應敘明事項：
無
　　　　　　　　　　本資料係屬預測性質，將來未必能完全達成，詳細內容應再參考
　　　　　　　　　　　　　　　　'重要會計政策及基本假設彙總'"
7, 108/01/30, 18:25:57, 顧大為, 財務長, (03)5670766, 公告本公司董事會決議集團子公司奕力科技組織調整案,"　第
20 款	"," 108/01/30
","
1.標的物之名稱及性質（屬特別股者，並應標明特別股約定發行條件，如股息率等）:
奕力科技股份有限公司 ( 簡稱「奕力科技」) 之100%股權
2.事實發生日:108/1/30~108/1/30
3.交易數量、每單位價格及交易總金額:
369,770,200股，每股約新台幣10.27元，總金額約新台幣37.99億元
4.交易相對人及其與公司之關係（交易相對人如屬自然人，且非公司之
關係人者，得免揭露其姓名）:
奕力科技(開曼)股份有限公司 ( 簡稱「奕力開曼」)
5.交易相對人為關係人者，並應公告選定關係人為交易對象之原因及前次移
轉之所有人、前次移轉之所有人與公司及交易相對人間相互之關係、前次
移轉日期及移轉金額:
奕力開曼為本公司100%間接持有之子公司，本案為集團內組織調整
6.交易標的最近五年內所有權人曾為公司之關係人者，尚應公告關係人之取
得及處分日期、價格及交易當時與公司之關係:
奕力科技原為本公司透過晨星半導體股份有限公司100%間接持有之子公司，
自民國108年1月1日起本公司與晨星半導體合併後，現為本公司直接持有之子公司
7.本次係處分債權之相關事項（含處分之債權附隨擔保品種類、處分債權
如有屬對關係人債權者尚需公告關係人名稱及本次處分該關係人之債權
帳面金額:
不適用
8.處分利益（或損失）（取得有價證券者不適用）（原遞延者應列表說明
認列情形）:
本案為集團內組織調整，無處份損益
9.交付或付款條件（含付款期間及金額）、契約限制條款及其他重要約定
事項:
依合約約定相關程序完備後，辦理交割
10.本次交易之決定方式、價格決定之參考依據及決策單位:
本公司董事會
11.取得或處分有價證券標的公司每股淨值:
10.13元
12.迄目前為止，累積持有本交易證券（含本次交易）之數量、金額、持股
比例及權利受限情形（如質押情形）:
369,770,200股； 新台幣37.99億元；100%；無權利受限
13.迄目前為止，依「公開發行公司取得或處分資產處理準則」第三條所列
之有價證券投資（含本次交易）占公司最近期財務報表中總資產及歸屬
於母公司業主之權益之比例暨最近期財務報表中營運資金數額（註二）:
占公司最近期財務報表中總資產之比例：1.16%
占公司最近期財務報表中歸屬於母公司業主之權益之比例：1.40%
最近期財務報表中營運資金數額：31,226,432,000元
14.經紀人及經紀費用:
不適用
15.取得或處分之具體目的或用途:
集團內組織調整
16.本次交易表示異議董事之意見:
無
17.本次交易為關係人交易:是
18.董事會通過日期:
民國108年1月30日
19.監察人承認或審計委員會同意日期:
民國108年1月29日
20.本次交易會計師出具非合理性意見:否
21.會計師事務所名稱:
智權國際會計師事務所
22.會計師姓名:
徐坤光
23.會計師開業證書字號:
北市財二字第9022880300號
24.其他敘明事項:
無"
8, 108/02/15, 16:56:32, 顧大為, 財務長, (03)5670766, 聯發科技108年01月份自結合併營收淨額公告,"　第
51 款	"," 108/02/15
","
1.事實發生日:108/02/15
2.公司名稱:聯發科技股份有限公司
3.與公司關係(請輸入本公司或子公司):本公司
4.相互持股比例:不適用
5.發生緣由:
聯發科技一百零八年一月份自結合併營收淨額為新台幣162億4仟2佰萬元，
較前月合併營收淨額新台幣213億8仟7佰萬元減少24.06%。
6.因應措施:無
7.其他應敘明事項:無"
9, 108/02/18, 16:48:42, 顧大為, 財務長, (03)5670766, 公告本公司參與機構投資人說明會,"　第
12 款	"," 108/02/19
","
符合條款第四條第XX款：12
事實發生日：108/02/19
1.召開法人說明會之日期：108/02/19
2.召開法人說明會之時間：09 時 00 分 
3.召開法人說明會之地點：台北
4.法人說明會擇要訊息：公告本公司108年2月19日受邀參加摩根大通證券於台北舉辦之Taiwan CEO-CFO Conference，會中就本公司已公開發佈之財務數字、經營績效等相關資訊做說明。簡報資料請參閱公開資訊觀測站。
5.其他應敘明事項：無
完整財務業務資訊請至公開資訊觀測站之法人說明會一覽表或法說會項目下查閱。"
10, 108/02/26, 17:00:18, 顧大為, 財務長, (03)5670766, 本公司董事長決定限制員工權利新股之增資基準日,"　第
51 款	"," 108/02/26
","
1.事實發生日:108/02/26
2.公司名稱:聯發科技股份有限公司
3.與公司關係(請輸入本公司或子公司):本公司
4.相互持股比例:不適用
5.發生緣由:
(1)本公司已於107/06/15股東常會決議通過民國107年限制員工權利新股19,200,000股，
每股面額10元，總額新臺幣192,000,000元乙案，業經金融監督管理委員會
（金管證發字第1070328651號函）自107/08/13申報生效。
(2)依本公司【民國107年限制員工權利新股發行辦法】，實際發行日期(即增資基準日)
授權董事長決定；本公司董事長決定增資基準日為108/02/27。
(3)本次增資基準日實際發行股數為 2,205,888股。
6.因應措施:不適用
7.其他應敘明事項:無"
11, 108/02/27, 16:38:50, 顧大為, 財務長, (03)5670766," 代重要子公司立錡科技股份有限公司公告召集董事會
(代行臨時股東會)","　第
17 款	"," 108/02/27
","
1.董事會決議日期:108/02/27
2.股東臨時會召開日期:108/02/27
3.股東臨時會召開地點:新竹縣竹北市台元一街8號14樓
4.召集事由一、報告事項:無
5.召集事由二、承認事項:無
6.召集事由三、討論事項:修訂本公司「公司章程」
7.召集事由四、選舉事項:無
8.召集事由五、其他議案:無
9.召集事由六、臨時動議:無
10.停止過戶起始日期:NA
11.停止過戶截止日期:NA
12.其他應敘明事項:無"
12, 108/02/27, 16:39:04, 顧大為, 財務長, (03)5670766," 代重要子公司立錡科技股份有限公司公告董事會
(代行臨時股東會)重要決議事項","　第
18 款	"," 108/02/27
","
1.股東臨時會日期:108/02/27
2.重要決議事項:
(1) 通過修訂本公司「公司章程」
3.其他應敘明事項:無"
13, 108/02/27, 16:39:19, 顧大為, 財務長, (03)5670766," 代重要子公司立錡科技股份有限公司公告法人股東
重新指派代表人暨選任董事長","　第
6 款	"," 108/02/27
","
1.發生變動日期:108/02/27
2.法人名稱:旭思投資股份有限公司
3.舊任者姓名及簡歷:
董事：
謝叔亮   立錡科技(股)公司/董事長
陸國宏   聯發科技(股)公司/資深副總經理
(缺額)
袁子豪   立錡科技(股)公司/總經理
賴世芳   立錡科技(股)公司/副總經理
監察人：
顧大為   聯發科技(股)公司/財務長
4.新任者姓名及簡歷:
董事：
蔡力行   聯發科技(股)公司/執行長
陸國宏   聯發科技(股)公司/資深副總經理
顧大為   聯發科技(股)公司/財務長
5.異動原因:任期屆滿/新任
6.原任期（例xx/xx/xx至xx/xx/xx）:105/04/29至108/04/28
7.新任生效日期:108/02/27
8.其他應敘明事項:於同日董事會推舉蔡力行先生擔任董事長"
14, 108/03/08, 16:56:56, 顧大為, 財務長, (03)5670766, 聯發科技108年02月份自結合併營收淨額公告,"　第
51 款	"," 108/03/08
","
1.事實發生日:108/03/08
2.公司名稱:聯發科技股份有限公司
3.與公司關係(請輸入本公司或子公司):本公司
4.相互持股比例:不適用
5.發生緣由:
聯發科技一百零八年二月份自結合併營收淨額為新台幣141億6仟1佰萬元，
較前月合併營收淨額新台幣162億4仟2佰萬元減少12.81%。
6.因應措施:無
7.其他應敘明事項:無"
15, 108/03/08, 21:00:48, 顧大為, 財務長, (03)5670766," 代重要子公司Gaintech Co. Limited公告
增資其子公司Nephos Cayman Co. Limited","　第
20 款	"," 108/03/08
","
1.標的物之名稱及性質（屬特別股者，並應標明特別股約定發行條件，如股息率等）:
Nephos Cayman Co. Limited普通股股份
2.事實發生日:108/3/8~108/3/8
3.交易數量、每單位價格及交易總金額:
交易單位數量:18,000,000股,每單位價格:USD1,交易總金額:USD18,000,000
4.交易相對人及其與公司之關係（交易相對人如屬自然人，且非公司之
關係人者，得免揭露其姓名）:
Nephos Cayman Co. Limited; 100%持有子公司
5.交易相對人為關係人者，並應公告選定關係人為交易對象之原因及前次移
轉之所有人、前次移轉之所有人與公司及交易相對人間相互之關係、前次
移轉日期及移轉金額:
不適用。
6.交易標的最近五年內所有權人曾為公司之關係人者，尚應公告關係人之取
得及處分日期、價格及交易當時與公司之關係:
不適用。
7.本次係處分債權之相關事項（含處分之債權附隨擔保品種類、處分債權
如有屬對關係人債權者尚需公告關係人名稱及本次處分該關係人之債權
帳面金額:
不適用。
8.處分利益（或損失）（取得有價證券者不適用）（原遞延者應列表說明
認列情形）:
不適用。
9.交付或付款條件（含付款期間及金額）、契約限制條款及其他重要約定
事項:
董事會決議後安排現金增資；無。
10.本次交易之決定方式、價格決定之參考依據及決策單位:
現金增資；董事會。
11.取得或處分有價證券標的公司每股淨值:
不適用
12.迄目前為止，累積持有本交易證券（含本次交易）之數量、金額、持股
比例及權利受限情形（如質押情形）:
100,164,964.16股；美金100,164,964.16元；100%
13.迄目前為止，依「公開發行公司取得或處分資產處理準則」第三條所列
之有價證券投資（含本次交易）占公司最近期財務報表中總資產及歸屬
於母公司業主之權益之比例暨最近期財務報表中營運資金數額（註二）:
占最近期財務報表中總資產之比例：28.29%
占最近期財務報表中歸屬於母公司業主之權益之比例：34.21%
最近期財務報表中營運資金數額：新台幣31,226,432千元
14.經紀人及經紀費用:
無。
15.取得或處分之具體目的或用途:
營運需求。
16.本次交易表示異議董事之意見:
無。
17.本次交易為關係人交易:是
18.董事會通過日期:
民國108年3月8日
19.監察人承認或審計委員會同意日期:
不適用
20.本次交易會計師出具非合理性意見:不適用
21.會計師事務所名稱:
不適用
22.會計師姓名:
不適用
23.會計師開業證書字號:
不適用
24.其他敘明事項:
無"
16, 108/03/08, 21:01:04, 顧大為, 財務長, (03)5670766," 代子公司Nephos Cayman Co. Limited公告董事會決議
向合肥高新產業投資有限公司買回子公司擎發通訊科技
(合肥)有限公司股份","　第
20 款	"," 108/03/08
","
1.事實發生日:自民國108/3/8至民國108/3/8
2.本次新增（減少）投資方式:
子公司Nephos Cayman Co. Limited向合肥高新產業投資有限公司
買回子公司擎發通訊科技（合肥）有限公司股份
3.交易單位數量、每單位價格及交易總金額:
交易數量與單位價格：不適用
交易總金額：不超過美金18,000,000元(6.82%股權)
4.大陸被投資公司之公司名稱:
擎發通訊科技（合肥）有限公司
5.前開大陸被投資公司之實收資本額:
美金90,000,000元
6.前開大陸被投資公司本次擬新增資本額:
0
7.前開大陸被投資公司主要營業項目:
軟硬件開發及銷售
8.前開大陸被投資公司最近年度財務報表會計師意見型態:
無保留意見
9.前開大陸被投資公司最近年度財務報表權益總額:
人民幣263,304,736.46元
10.前開大陸被投資公司最近年度財務報表損益金額:
人民幣-228,158,421.18元
11.迄目前為止，對前開大陸被投資公司之實際投資金額:
美金95,914,964.16元
12.交易相對人及其與公司之關係:
合肥高新產業投資有限公司,非關係人
13.交易相對人為關係人者，並應公告選定關係人為交易對象之原因及前次移轉
之所有人、前次移轉之所有人與公司及交易相對人間相互之關係、前次移轉日期及移轉金額:
不適用
14.交易標的最近五年內所有權人曾為公司之關係人者，尚應公告關係人之取得
及處分日期、價格及交易當時與公司之關係:
不適用
15.處分利益（或損失）:
不適用
16.交付或付款條件（含付款期間及金額）、契約限制條款及其他重要約定事項:
俟經濟部投資審議委員會核准後，依合約進行投資
17.本次交易之決定方式、價格決定之參考依據及決策單位:
Nephos Cayman Co. Limited董事會
18.經紀人:
不適用
19.取得或處分之具體目的:
長期投資
20.本次交易表示異議董事之意見:
無
21.本次交易為關係人交易:否
22.董事會通過日期:
不適用
23.監察人承認或審計委員會同意日期:
不適用
24.迄目前為止，投審會核准赴大陸地區投資總額（含本次投資）:
美金790,882,862元，約新台幣24,339,420,078 元
25.迄目前為止，投審會核准赴大陸地區投資總額（含本次投資）占最近期財務報表
實收資本額之比率:
152.93%
26.迄目前為止，投審會核准赴大陸地區投資總額（含本次投資）占最近期財務報表
總資產之比率:
7.44%
27.迄目前為止，投審會核准赴大陸地區投資總額（含本次投資）占最近期財務報表
歸屬於母公司業主之權益之比率:
9%
28.迄目前為止，實際赴大陸地區投資總額:
美金609,094,292 元
29.迄目前為止，實際赴大陸地區投資總額占最近期財務報表實收資本額之比率:
117.78%
30.迄目前為止，實際赴大陸地區投資總額占最近期財務報表總資產之比率:
5.73%
31.迄目前為止，實際赴大陸地區投資總額占最近期財務報表歸屬於母公司業主之權益之比率:
6.93%
32.最近三年度認列投資大陸損益金額:
104年度：認列投資利益新台幣1,945,493,000元
105年度：認列投資利益新台幣1,443,937,000元
106年度：認列投資利益新台幣  634,183,000元
33.最近三年度獲利匯回金額:
0
34.本次交易會計師出具非合理性意見:否
35.會計師事務所名稱:
高威聯合會計師事務所
36.會計師姓名:
李仁勇
37.會計師開業證書字號:
金管會證字第4919號
38.其他敘明事項:
無"
17, 108/03/14, 17:30:54, 顧大為, 財務長, (03)5670766," 代重要子公司立錡科技股份有限公司公告董事會決議
分派股利","　第
14 款	"," 108/03/14
","
1.董事會決議日期:108/03/14
2.發放股利種類及金額:現金股利新台幣2,149,140,060元
3.其他應敘明事項:無"
18, 108/03/15, 18:23:57, 顧大為, 財務長, (03)5670766, 公告本公司限制員工權利新股註銷完成變更登記事宜,"　第
36 款	"," 108/03/15
","
1.主管機關核准減資日期:108/03/14
2.辦理資本變更登記完成日期:108/03/14
3.對財務報告之影響（含實收資本額與流通在外股數之差異與對每股淨值之影響）:
(1)本次銷除股份37,100股，每股面額新台幣(以下同)壹拾元，
   共計減少資本371,000元。
(2)RSA股份註銷減資前：本公司實收資本額為15,915,069,770元，
   流通在外股數為1,591,506,977股，每股淨值170.79.元。
(3)RSA股份註銷減資後：本公司實收資本額為15,914,698,770元，
   流通在外股數為1,591,469,877股，每股淨值170.79.元。
(註:每股淨值係以107年第3季之財務報表為設算依據)。
4.預計換股作業計畫:不適用
5.預計減資新股上市後之上市普通股股數:不適用
6.預計減資新股上市後之上市普通股股數占已發行普通股比率
 （減資後上市普通股股數/減資後已發行普通股股數）:不適用
7.前二項預計減資後上巿普通股股數未達6000萬股且未達25%者，請說明股權流通性偏低
  之因應措施:不適用
8.其他應敘明事項:無"
19, 108/03/19, 16:04:35, 顧大為, 財務長, (03)5670766, 公告本公司參與機構投資人說明會,"　第
12 款	"," 108/03/20
","
符合條款第四條第XX款：12
事實發生日：108/03/20
1.召開法人說明會之日期：108/03/20 ~ 108/03/28
2.召開法人說明會之時間：09 時 00 分 
3.召開法人說明會之地點：台北、香港
4.法人說明會擇要訊息：公告本公司108年3月20日至3月22日受邀參加美林證券於台北舉辦之Asia Pacific TMT Conference 2019及108年3月26日至3月28日受邀參加瑞士信貸證券於香港舉辦之Asian Investment Conference，會中就本公司已公開發佈之財務數字、經營績效等相關資訊做說明。簡報資料請參閱公開資訊觀測站。
5.其他應敘明事項：無
完整財務業務資訊請至公開資訊觀測站之法人說明會一覽表或法說會項目下查閱。"
20, 108/03/22, 17:42:24, 顧大為, 財務長, (03)5670766, 公告本公司董事會決議召開股東常會,"　第
17 款	"," 108/03/22
","
1.董事會決議日期:108/03/22
2.股東會召開日期:108/06/14
3.股東會召開地點:新竹科學工業園區篤行一路1號聯發科技(國際會議廳)
4.召集事由一、報告事項:
(一)民國一○七年度營業報告。
(二)審計委員會查核報告。
(三)民國一○七年度員工酬勞及董事酬勞分配情形報告。
(四)子公司晨星半導體合併完成情形報告。
5.召集事由二、承認事項:
(一)承認民國一○七年度之營業報告書及財務報表案。
(二)承認民國一○七年度盈餘分配案。
6.召集事由三、討論事項:
(一)修訂本公司「公司章程」。
(二)修訂本公司「取得或處分資產處理程序」。
(三)修訂本公司「背書保證作業辦法」。
(四)修訂本公司「資金貸與他人作業程序」。
7.召集事由四、選舉事項:無
8.召集事由五、其他議案:無
9.召集事由六、臨時動議:無
10.停止過戶起始日期:108/04/16
11.停止過戶截止日期:108/06/14
12.其他應敘明事項:無"
21, 108/03/22, 17:42:58, 顧大為, 財務長, (03)5670766, 本公司公司治理主管人事變動,"　第
8 款	"," 108/03/22
","
1.人員變動別（請輸入發言人、代理發言人、重要營運主管(如:執行長、營運
長、行銷長及策略長等)、財務主管、會計主管、公司治理主管、研發主管、內部稽核
主管或訴訟及非訟代理人）:公司治理主管
2.發生變動日期:108/03/22
3.舊任者姓名、級職及簡歷:不適用
4.新任者姓名、級職及簡歷:宿文堂、副總經理暨法務長
5.異動情形（請輸入「辭職」、「職務調整」、「資遣」、「退休」、「死亡」、「新
任」或「解任」）:新任
6.異動原因:新任
7.生效日期:108/04/01
8.其他應敘明事項:無"
22, 108/03/22, 17:45:34, 顧大為, 財務長, (03)5670766, 公告董事會通過簽訂購買不動產契約,"　第
20 款	"," 108/03/22
","
1.標的物之名稱及性質（如坐落台中市北區ＸＸ段ＸＸ小段土地）:
台元科技園區第六期S棟9樓及室內停車位
(新竹縣竹北市台元段661地號)
2.事實發生日:108/3/22~108/3/22
3.交易單位數量（如ＸＸ平方公尺，折合ＸＸ坪）、每單位價格及交易總金額:
交易數量：總建築物面積 : 1,321.69坪; 車位：69個。
交易總金額：新台幣339,000,000元
4.交易相對人及其與公司之關係（交易相對人如屬自然人，且非公司之關
係人者，得免揭露其姓名）:
交易相對人：文生開發股份有限公司
與公司之關係：無
5.交易相對人為關係人者，並應公告選定關係人為交易對象之原因及前次移轉之
所有人、前次移轉之所有人與公司及交易相對人間相互之關係、前次移轉日期
及移轉金額:
不適用
6.交易標的最近五年內所有權人曾為公司之關係人者，尚應公告關係
人之取得及處分日期、價格及交易當時與公司之關係:
不適用
7.預計處分利益（或損失）（取得資產者不適用）（遞延者應列表說明
認列情形）:
不適用
8.交付或付款條件（含付款期間及金額）、契約限制條款及其他重要約定
事項:
依契約規定
9.本次交易之決定方式（如招標、比價或議價）、價格決定之參考依據及
決策單位:
租賃合約訂定之承購價格、不動產鑑價公司出具之鑑價報告、董事會。
10.專業估價者事務所或公司名稱及其估價金額:
展茂不動產估價師聯合事務所
新台幣345,913,350元
11.專業估價師姓名:
張世賢
12.專業估價師開業證書字號:
(95)南市估字第000013號
13.估價報告是否為限定價格、特定價格或特殊價格:否或不適用
14.是否尚未取得估價報告:否或不適用
15.尚未取得估價報告之原因:
不適用
16.估價結果有重大差異時，其差異原因及會計師意見:
不適用
17.會計師事務所名稱:
不適用
18.會計師姓名:
不適用
19.會計師開業證書字號:
不適用
20.經紀人及經紀費用:
無
21.取得或處分之具體目的或用途:
自用辦公室
22.本次交易表示異議之董事之意見:
無
23.本次交易為關係人交易:否
24.董事會通過日期:
不適用
25.監察人承認或審計委員會同意日期:
不適用
26.本次交易係向關係人取得不動產或其使用權資產:否
27.依「公開發行公司取得或處分資產處理準則」第十六條規定
評估之價格:不適用
28.依前項評估之價格較交易價格為低者，依同準則第十七條規
定評估之價格:不適用
29.其他敘明事項:
無"
23, 108/03/22, 17:46:10, 顧大為, 財務長, (03)5670766, 公告本公司董事會決議集團子公司MStar France SAS 組織調整案,"　第
20 款	"," 108/03/22
","
1.標的物之名稱及性質（屬特別股者，並應標明特別股約定發行條件，如股息率等）:
MStar France SAS( 簡稱「晨星法國」) 之100%股權
2.事實發生日:108/3/22~108/3/22
3.交易數量、每單位價格及交易總金額:
458,900股，每股約新台幣1893元， 總金額歐元24,647,367元
(相當於新台幣868,610,954元，以2018年12月31日之Bloomberg匯率35.24153計算，
最終台幣金額視交易當天匯率換算而定)
4.交易相對人及其與公司之關係（交易相對人如屬自然人，且非公司之
關係人者，得免揭露其姓名）:
MediaTek Wireless Limited (UK) ( 簡稱「聯發科英國」)
5.交易相對人為關係人者，並應公告選定關係人為交易對象之原因及前次移
轉之所有人、前次移轉之所有人與公司及交易相對人間相互之關係、前次
移轉日期及移轉金額:
聯發科英國為本公司100%間接持有之子公司，本案為集團內組織調整
6.交易標的最近五年內所有權人曾為公司之關係人者，尚應公告關係人之取
得及處分日期、價格及交易當時與公司之關係:
晨星法國原為本公司透過晨星半導體股份有限公司100%間接持有之子公司，
自民國108年1月1日起本公司與晨星半導體合併後，現為本公司直接持有之子公司
7.本次係處分債權之相關事項（含處分之債權附隨擔保品種類、處分債權
如有屬對關係人債權者尚需公告關係人名稱及本次處分該關係人之債權
帳面金額:
不適用
8.處分利益（或損失）（取得有價證券者不適用）（原遞延者應列表說明
認列情形）:
本案為集團內組織調整，無處份損益
9.交付或付款條件（含付款期間及金額）、契約限制條款及其他重要約定
事項:
依合約約定相關程序完備後，辦理交割
10.本次交易之決定方式、價格決定之參考依據及決策單位:
本公司董事會
11.取得或處分有價證券標的公司每股淨值:
1,893.00元
12.迄目前為止，累積持有本交易證券（含本次交易）之數量、金額、持股
比例及權利受限情形（如質押情形）:
458,900股；歐元24,647,367元(相當於新台幣868,610,954元，
以2018年12月31日之Bloomberg匯率35.24153計算，
最終台幣金額視交易當天匯率換算而定) ；
100%；無權利受限
13.迄目前為止，依「公開發行公司取得或處分資產處理準則」第三條所列
之有價證券投資（含本次交易）占公司最近期財務報表中總資產及歸屬
於母公司業主之權益之比例暨最近期財務報表中營運資金數額（註二）:
占公司最近期財務報表中總資產之比例：1.44%
占公司最近期財務報表中歸屬於母公司業主之權益之比例：1.74%
最近期財務報表中營運資金數額：31,226,432,000元
14.經紀人及經紀費用:
不適用
15.取得或處分之具體目的或用途:
集團內組織調整
16.本次交易表示異議董事之意見:
無
17.本次交易為關係人交易:是
18.董事會通過日期:
民國108年3月22日
19.監察人承認或審計委員會同意日期:
民國108年3月21日
20.本次交易會計師出具非合理性意見:否
21.會計師事務所名稱:
高威聯合會計師事務所
22.會計師姓名:
李仁勇
23.會計師開業證書字號:
金管會證字第4919號
24.其他敘明事項:
無"
24, 108/04/10, 16:56:30, 顧大為, 財務長, (03)5670766, 聯發科技108年03月份自結合併營收淨額公告,"　第
51 款	"," 108/04/10
","
1.事實發生日:108/04/10
2.公司名稱:聯發科技股份有限公司
3.與公司關係(請輸入本公司或子公司):本公司
4.相互持股比例:不適用
5.發生緣由:
聯發科技一百零八年三月份自結合併營收淨額為新台幣223億1仟9佰萬元，
較前月合併營收淨額新台幣141億6仟1佰萬元增加57.60%。
6.因應措施:無
7.其他應敘明事項:無"
25, 108/04/11, 16:46:19, 顧大為, 財務長, (03)5670766, 本公司董事長決定限制員工權利新股之增資基準日,"　第
51 款	"," 108/04/11
","
1.事實發生日:108/04/11
2.公司名稱:聯發科技股份有限公司
3.與公司關係(請輸入本公司或子公司):本公司
4.相互持股比例:不適用
5.發生緣由:
(1)本公司已於107/06/15股東常會決議通過民國107年限制員工權利新股19,200,000股，
每股面額10元，總額新臺幣192,000,000元乙案，業經金融監督管理委員會
（金管證發字第1070328651號函）自107/08/13申報生效。
(2)依本公司【民國107年限制員工權利新股發行辦法】，實際發行日期(即增資基準日)
授權董事長決定；本公司董事長決定增資基準日為108/04/12。
(3)本次增資基準日實際發行股數為 17,818 股。
6.因應措施:不適用
7.其他應敘明事項:無"
26, 108/04/16, 16:57:38, 顧大為, 財務長, (03)5670766, 本公司於108/04/30召開第一季法人說明會,"　第
12 款	"," 108/04/30
","
符合條款第四條第XX款：12
事實發生日：108/04/30
1.召開法人說明會之日期：108/04/30
2.召開法人說明會之時間：16 時 00 分 
3.召開法人說明會之地點：線上法說會
4.法人說明會擇要訊息：聯發科技股份有限公司(代號：2454)擬於2019年04月30日(星期二)舉行2019年第一季線上法人說明會，由執行長蔡力行先生以及財務長暨發言人顧大為先生擔任主講人，報告本公司的營運成果並回答投資人提問。

有意參加者可透過網路連結至本公司網站之投資人專區參加線上法人說明會。欲提問之投資人請撥打以下電話號碼參加會議。
日程及網路會議網址：
日期: 2019年04月30日(星期二)
 時間: 4:00 – 5:00 p.m.      語言: 中文
 網址: http://wms.gridow.com/ir/mediatek/tw/mediatek_2019Q1_tw.html
 時間: 5:30 – 6:30 p.m.      語言: 英文
 網址: http://wms.gridow.com/ir/mediatek/en/mediatek_2019Q1_en.html
電話法人說明會撥打號碼: +886-2-21928016
電話接通後，請按代碼: 478929#
本公司當季財務報告新聞稿您可以於會議前 10至15分鐘至本公司網站www.mediatek.com下載。若您有任何問題請撥打+ 886-3-567-0766 與我們的投資人關係專人連絡。
5.其他應敘明事項：無
完整財務業務資訊請至公開資訊觀測站之法人說明會一覽表或法說會項目下查閱。"
27, 108/04/16, 17:19:35, 顧大為, 財務長, (03)5670766, 子公司旭新投資昆橋基金一案之投資架構調整,"　第
20 款	"," 108/04/16
","
1. 原公告日期：
107/10/31
2. 簡述原公告申報內容：
子公司旭新投資(上海)有限公司(下稱旭新)原決議以約當US$ 49,000,00元直接
投資於昆橋(深圳)半導體暨科技產業股權投資基金合夥企業(有限合夥)(下稱
昆橋基金)
3. 變動緣由及主要內容：
因應組織架構調整，旭新將投資設立旭熙(上海)管理諮詢有限公司(下稱旭熙)，
由旭熙投資設立合肥旭徽聯芯管理諮詢有限公司(下稱旭徽)，並由旭徽作為投資
昆橋基金之最終出資個體
4. 變動後對公司財務業務之影響：
無
5. 其他應敘明事項：
無"
28, 108/04/25, 17:12:23, 顧大為, 財務長, (03)5670766, 代子公司絡達科技股份有限公司公告向關係人取得使用權資產,"　第
20 款	"," 108/04/25
","
1.標的物之名稱及性質（如坐落台中市北區ＸＸ段ＸＸ小段土地）:
1.新竹市科學園區篤行路5號2、4樓部份
2.新竹市科學園區篤行路5號停車位部份
2.事實發生日:108/4/25~108/4/25
3.交易單位數量（如ＸＸ平方公尺，折合ＸＸ坪）、每單位價格及交易總金額:
交易單位數量：合計846.3坪、47個車位
每單位價格﹕每坪每月租金新台幣1,425元(含稅)
車位每個每月租金新台幣2,500元(含稅)
交易總金額﹕每月新台幣1,323,478元(含稅)
4.交易相對人及其與公司之關係（交易相對人如屬自然人，且非公司之關
係人者，得免揭露其姓名）:
交易相對人﹕聯發科技股份有限公司
與公司之關係：母公司
5.交易相對人為關係人者，並應公告選定關係人為交易對象之原因及前次移轉之
所有人、前次移轉之所有人與公司及交易相對人間相互之關係、前次移轉日期
及移轉金額:
選定關係人為交易對象之原因：此物件租賃交通位置、坪數大小等條件
符合公司業務上整體發展的需求
前次移轉日期﹕不適用
前次移轉金額﹕不適用
6.交易標的最近五年內所有權人曾為公司之關係人者，尚應公告關係
人之取得及處分日期、價格及交易當時與公司之關係:
不適用
7.預計處分利益（或損失）（取得資產者不適用）（遞延者應列表說明
認列情形）:
不適用
8.交付或付款條件（含付款期間及金額）、契約限制條款及其他重要約定
事項:
交付或付款條件：每月支付1,323,478元(含稅)
依合約起始日起算共計3年(2019/5/7~2022/5/6)
契約限制條款及其他重要約定事項：無
9.本次交易之決定方式（如招標、比價或議價）、價格決定之參考依據及
決策單位:
交易之決定方式及參考依據:依區域行情議價
決策單位:董事會
10.專業估價者事務所或公司名稱及其估價金額:
不適用
11.專業估價師姓名:
不適用
12.專業估價師開業證書字號:
不適用
13.估價報告是否為限定價格、特定價格或特殊價格:否或不適用
14.是否尚未取得估價報告:否或不適用
15.尚未取得估價報告之原因:
不適用
16.估價結果有重大差異時，其差異原因及會計師意見:
不適用
17.會計師事務所名稱:
不適用
18.會計師姓名:
不適用
19.會計師開業證書字號:
不適用
20.經紀人及經紀費用:
不適用
21.取得或處分之具體目的或用途:
此物件租賃交通位置、坪數大小等條件符合公司業務上整體發展的需求
22.本次交易表示異議之董事之意見:
無
23.本次交易為關係人交易:是
24.董事會通過日期:
民國108年4月25日
25.監察人承認或審計委員會同意日期:
民國108年4月25日
26.本次交易係向關係人取得不動產或其使用權資產:是
27.依「公開發行公司取得或處分資產處理準則」第十六條規定
評估之價格:不適用
28.依前項評估之價格較交易價格為低者，依同準則第十七條規
定評估之價格:不適用
29.其他敘明事項:
無"
29, 108/04/29, 16:49:56, 顧大為, 財務長, (03)5670766," 代重要子公司立錡科技股份有限公司公告召集董事會
(代行股東會)","　第
17 款	"," 108/04/29
","
1.董事會決議日期:108/04/29
2.股東會召開日期:108/04/29
3.股東會召開地點:不適用
4.召集事由一、報告事項:
(1).107年度營業報告書。
(2).107年度員工酬勞分配情形報告。
5.召集事由二、承認事項:
(1).承認107年度營業報告書及財務報表案。
(2).承認107年度盈餘分配案。
6.召集事由三、討論事項:無
7.召集事由四、選舉事項:無
8.召集事由五、其他議案:無
9.召集事由六、臨時動議:無
10.停止過戶起始日期:NA
11.停止過戶截止日期:NA
12.其他應敘明事項:無"
30, 108/04/29, 16:50:29, 顧大為, 財務長, (03)5670766," 代重要子公司立錡科技股份有限公司公告董事會
(代行股東會)重要決議事項","　第
18 款	"," 108/04/29
","
1.股東常會日期:108/04/29
2.重要決議事項一、盈餘分配或盈虧撥補:盈餘分配
3.重要決議事項二、章程修訂:無
4.重要決議事項三、營業報告書及財務報表:是
5.重要決議事項四、董監事選舉:無
6.重要決議事項五、其他事項:無
7.其他應敘明事項:無"
31, 108/04/29, 16:50:42, 顧大為, 財務長, (03)5670766," 代重要子公司立錡科技股份有限公司公告董事會決議捐贈
財團法人立錡教育基金會","　第
43 款	"," 108/04/29
","
1.事實發生日:108/04/29
2.捐贈原由:辦理文化教育之推動
3.捐贈金額:新台幣5,000,000元
4.受贈對象:財團法人立錡教育基金會
5.與公司關係:關係人
6.表示反對或保留意見之獨立董事姓名及簡歷:無
7.前揭獨立董事表示反對或保留之意見:無
8.其他應敘明事項:無"
32, 108/04/29, 16:53:27, 顧大為, 財務長, (03)5670766," 代重要子公司立錡科技股份有限公司公告處分使用權資產予
關係人。","　第
20 款	"," 108/04/29
","
1.標的物之名稱及性質（如坐落台中市北區ＸＸ段ＸＸ小段土地）:
新竹縣竹北市台元段391、391-1、391-2、391-3、391-4號
地號空地上之停車位編號第007-009號，共3個車位。
2.事實發生日:108/4/29~108/4/29
3.交易單位數量（如ＸＸ平方公尺，折合ＸＸ坪）、每單位價格及交易總金額:
租賃面積:約12.5坪。
每單位價格:每坪租金每個月為新台幣528元(含稅)。
租金總金額:每個月新台幣6,600元(含稅)。
使用權資產總金額:新台幣79,200元(含稅)。
4.交易相對人及其與公司之關係（交易相對人如屬自然人，且非公司之關
係人者，得免揭露其姓名）:
交易相對人:奕力科技股份有限公司。
與公司之關係:皆為聯發科直接及間接持有100%之子公司。
5.交易相對人為關係人者，並應公告選定關係人為交易對象之原因及前次移轉之
所有人、前次移轉之所有人與公司及交易相對人間相互之關係、前次移轉日期
及移轉金額:
選定關係人為交易對象之原因:基於業務上之需求。
前次移轉之所有人:不適用。
6.交易標的最近五年內所有權人曾為公司之關係人者，尚應公告關係
人之取得及處分日期、價格及交易當時與公司之關係:
不適用。
7.預計處分利益（或損失）（取得資產者不適用）（遞延者應列表說明
認列情形）:
處分利益52,290元
8.交付或付款條件（含付款期間及金額）、契約限制條款及其他重要約定
事項:
付款條件:每月付一次，每次支付新台幣6,600元(含稅)。
限制條款:無。
其他重要約定:無。
9.本次交易之決定方式（如招標、比價或議價）、價格決定之參考依據及
決策單位:
本次交易之決定方式:議約。
價格決定之依據:參考附近車位出租價格。
決策單位:本公司董事會。
10.專業估價者事務所或公司名稱及其估價金額:
不適用。
11.專業估價師姓名:
不適用。
12.專業估價師開業證書字號:
不適用。
13.估價報告是否為限定價格、特定價格或特殊價格:否或不適用
14.是否尚未取得估價報告:否或不適用
15.尚未取得估價報告之原因:
不適用
16.估價結果有重大差異時，其差異原因及會計師意見:
不適用。
17.會計師事務所名稱:
不適用。
18.會計師姓名:
不適用。
19.會計師開業證書字號:
不適用。
20.經紀人及經紀費用:
不適用。
21.取得或處分之具體目的或用途:
基於業務上之需求。
22.本次交易表示異議之董事之意見:
無。
23.本次交易為關係人交易:是
24.董事會通過日期:
民國108年4月29日
25.監察人承認或審計委員會同意日期:
不適用，本公司無監察人。
26.本次交易係向關係人取得不動產或其使用權資產:否
27.依「公開發行公司取得或處分資產處理準則」第十六條規定
評估之價格:不適用
28.依前項評估之價格較交易價格為低者，依同準則第十七條規
定評估之價格:不適用
29.其他敘明事項:
無"
33, 108/04/29, 18:15:52, 顧大為, 財務長, (03)5670766," 代重要子公司旭思投資股份有限公司公告召集董事會
(代行臨時股東會)","　第
17 款	"," 108/04/29
","
1.董事會決議日期: 108/04/29
2.股東臨時會召開日期: 108/04/29
3.股東臨時會召開地點: 新竹縣竹北市台元一街5號3樓之7
4.召集事由一、報告事項:無
5.召集事由二、承認事項:無
6.召集事由三、討論事項:修訂本公司「公司章程」
7.召集事由四、選舉事項:無
8.召集事由五、其他議案:無
9.召集事由六、臨時動議:無
10.停止過戶起始日期:NA
11.停止過戶截止日期:NA
12.其他應敘明事項:無"
34, 108/04/29, 18:16:24, 顧大為, 財務長, (03)5670766," 代重要子公司旭思投資股份有限公司公告董事會(代行臨時股東會)
重要決議事項","　第
18 款	"," 108/04/29
","
1.股東臨時會日期:108/04/29
2.重要決議事項:（１）通過修訂本公司「公司章程」
3.其他應敘明事項:無"
35, 108/04/29, 18:16:58, 顧大為, 財務長, (03)5670766," 代重要子公司旭達投資股份有限公司公告召集董事會
(代行臨時股東會)","　第
17 款	"," 108/04/29
","
1.董事會決議日期: 108/04/29
2.股東臨時會召開日期: 108/04/29
3.股東臨時會召開地點: 臺北市內湖區內湖路1段91巷15-2號7樓
4.召集事由一、報告事項:無
5.召集事由二、承認事項:無
6.召集事由三、討論事項:修訂本公司「公司章程」
7.召集事由四、選舉事項:無
8.召集事由五、其他議案:無
9.召集事由六、臨時動議:無
10.停止過戶起始日期:NA
11.停止過戶截止日期:NA
12.其他應敘明事項:無"
36, 108/04/29, 18:17:12, 顧大為, 財務長, (03)5670766," 代重要子公司旭達投資股份有限公司公告董事會(代行臨時股東會)
重要決議事項","　第
18 款	"," 108/04/29
","
1.股東臨時會日期:108/04/29
2.重要決議事項:（１）通過修訂本公司「公司章程」
3.其他應敘明事項:無"
37, 108/04/29, 18:18:09, 顧大為, 財務長, (03)5670766, 代子公司匯發國際(香港)有限公司公告處分有價證券計劃執行情形,"　第
20 款	"," 108/04/29
","
1. 原公告日期：
107/09/28
2. 簡述原公告申報內容：
自民國107年10月29日至民國108年4月27日預計處分深圳市匯頂科技股份有限公司
(下稱「匯頂」)普通股股份，交易數量9,138,200單位，
預計交易總金額約人民幣7.27億元(約新台幣32.67億元;匯率為1人民幣對4.492新台幣)，
如何實施此出售計畫將視市場情況、匯頂股價等因素而定。
3. 變動緣由及主要內容：
自民國107年10月29日至民國108年4月27日，共處分匯頂普通股股份9,133,021單位，
總交易總金額約人民幣8億元 
(約新台幣37.9億元; 匯率為1人民幣對4.614新台幣)
4. 變動後對公司財務業務之影響：
對稅後淨利及每股盈餘無影響;
其它綜合損益約新台幣30億元，其中約新台幣28億元已認列其它綜合損益未實現評價利益
(匯率為1人民幣對4.614新台幣計算)
5. 其他應敘明事項：
無"
38, 108/04/30, 17:27:14, 顧大為, 財務長, (03)5670766," 代重要子公司旭思投資股份有限公司公告法人股東
重新指派代表人暨選任董事長","　第
6 款	"," 108/04/30
","
1.發生變動日期:108/04/30
2.法人名稱:旭達投資股份有限公司
3.舊任者姓名及簡歷:
董事:
謝清江　聯發科技(股)公司/副董事長
顧大為　聯發科技(股)公司/財務長
陳暄妮　聯發科技(股)公司/財務處處長
監察人：
鍾佳樹　聯發科技(股)公司/財務處資深經理
4.新任者姓名及簡歷:
謝清江　聯發科技(股)公司/副董事長
顧大為　聯發科技(股)公司/財務長
5.異動原因:任期屆滿/新任
6.原任期（例xx/xx/xx至xx/xx/xx）:104/09/02至107/09/01
7.新任生效日期:108/04/30
8.其他應敘明事項:於同日董事會推舉謝清江先生擔任董事長"
39, 108/04/30, 17:27:29, 顧大為, 財務長, (03)5670766," 代重要子公司旭達投資股份有限公司公告法人股東
重新指派代表人暨選任董事長","　第
6 款	"," 108/04/30
","
1.發生變動日期:108/04/30
2.法人名稱:聯發科技股份有限公司
3.舊任者姓名及簡歷:
董事：
謝清江　聯發科技(股)公司/副董事長
顧大為　聯發科技(股)公司/財務長
陳暄妮　聯發科技(股)公司/財務處處長
監察人：
鍾佳樹　聯發科技(股)公司/財務處資深經理
4.新任者姓名及簡歷:
謝清江　聯發科技(股)公司/副董事長
顧大為　聯發科技(股)公司/財務長
5.異動原因:任期屆滿/新任
6.原任期（例xx/xx/xx至xx/xx/xx）:104/09/01至107/08/31
7.新任生效日期:108/04/30
8.其他應敘明事項:於同日董事會推舉謝清江先生擔任董事長"
40, 108/04/30, 17:28:25, 顧大為, 財務長, (03)5670766, 公告本公司董事會決議辦理限制員工權利新股收回註銷減資事宜,"　第
11 款	"," 108/04/30
","
1.董事會決議日期:108/04/30
2.減資緣由:因原獲配限制員工權利新股之員工未達既得條件，將收回之限制員工權利
新股辦理註銷減資。
3.減資金額:新台幣61,547,120元
4.消除股份:6,154,712股
5.減資比率:0.39%
6.減資後股本:新台幣15,875,388,710元
7.預定股東會日期:不適用
8.預計減資新股上市後之上市普通股股數:1,587,538,871股
9.預計減資新股上市後之上市普通股股數占已發行普通股比率
（減資後上市普通股股數/減資後已發行普通股股數）:不適用
10.前二項預計減資後上巿普通股股數未達6000萬股且未達25%者，
請說明股權流通性偏低之因應措施:不適用
11.其他應敘明事項:訂定減資基準日為108/04/30"
41, 108/04/30, 17:29:57, 顧大為, 財務長, (03)5670766," 代子公司Gaintech Co. Limited公告增資
子公司聯發科中國有限公司","　第
20 款	"," 108/04/30
","
1.標的物之名稱及性質（屬特別股者，並應標明特別股約定發行條件，如股息率等）:
聯發科中國有限公司普通股份
2.事實發生日:108/4/30~108/4/30
3.交易數量、每單位價格及交易總金額:
192,164,280股；每股1 HKD；交易總金額192,164,280 HKD (約當24,500,000 USD)
4.交易相對人及其與公司之關係（交易相對人如屬自然人，且非公司之
關係人者，得免揭露其姓名）:
100%持有子公司
5.交易相對人為關係人者，並應公告選定關係人為交易對象之原因及前次移
轉之所有人、前次移轉之所有人與公司及交易相對人間相互之關係、前次
移轉日期及移轉金額:
不適用
6.交易標的最近五年內所有權人曾為公司之關係人者，尚應公告關係人之取
得及處分日期、價格及交易當時與公司之關係:
不適用
7.本次係處分債權之相關事項（含處分之債權附隨擔保品種類、處分債權
如有屬對關係人債權者尚需公告關係人名稱及本次處分該關係人之債權
帳面金額:
不適用
8.處分利益（或損失）（取得有價證券者不適用）（原遞延者應列表說明
認列情形）:
不適用
9.交付或付款條件（含付款期間及金額）、契約限制條款及其他重要約定
事項:
依董事會決議日進行現金增資；無
10.本次交易之決定方式、價格決定之參考依據及決策單位:
Gaintech Co. Limited董事會決議
11.取得或處分有價證券標的公司每股淨值:
不適用
12.迄目前為止，累積持有本交易證券（含本次交易）之數量、金額、持股
比例及權利受限情形（如質押情形）:
2,445,564,020股；美金315,137,435元；持股比例100%
13.迄目前為止，依「公開發行公司取得或處分資產處理準則」第三條所列
之有價證券投資（含本次交易）占公司最近期財務報表中總資產及歸屬
於母公司業主之權益之比例暨最近期財務報表中營運資金數額（註二）:
29.23%；35.55%；新台幣35,219,127千元
14.經紀人及經紀費用:
無
15.取得或處分之具體目的或用途:
營運需求
16.本次交易表示異議董事之意見:
無
17.本次交易為關係人交易:是
18.董事會通過日期:
民國 108 年 4 月 30 日
19.監察人承認或審計委員會同意日期:
不適用
20.本次交易會計師出具非合理性意見:不適用
21.會計師事務所名稱:
不適用
22.會計師姓名:
不適用
23.會計師開業證書字號:
不適用
24.其他敘明事項:
無"
42, 108/04/30, 17:31:36, 顧大為, 財務長, (03)5670766," 代子公司Gaintech Co. Limited (""Gaintech"") 公告增資
唯捷創芯(天津)電子技術股份有限公司(下稱""唯捷創芯"")","　第
20 款	"," 108/04/30
","
1.事實發生日:自民國108/4/30至民國108/4/30
2.本次新增（減少）投資方式:
Gaintech將以4,000萬美元或等值之人民幣認購唯捷創芯發行之普通股共19,098,449股，
每股面額為人民幣1元。
3.交易單位數量、每單位價格及交易總金額:
交易單位數量:19,098,449股;每單位價格:約2美元或等值人民幣;
交易總金額:4,000萬美元或等值人民幣
4.大陸被投資公司之公司名稱:
唯捷創芯（天津）電子技術股份有限公司
5.前開大陸被投資公司之實收資本額:
實收資本額為人民幣28,647,674元
6.前開大陸被投資公司本次擬新增資本額:
人民幣19,098,449元
7.前開大陸被投資公司主要營業項目:
集成電路的設計諮詢，研發，測試，銷售及相關技術服務。
8.前開大陸被投資公司最近年度財務報表會計師意見型態:
無保留意見
9.前開大陸被投資公司最近年度財務報表權益總額:
人民幣174,411,917.27元
10.前開大陸被投資公司最近年度財務報表損益金額:
人民幣 -150,683,680.47元
11.迄目前為止，對前開大陸被投資公司之實際投資金額:
無
12.交易相對人及其與公司之關係:
非關係人
13.交易相對人為關係人者，並應公告選定關係人為交易對象之原因及前次移轉
之所有人、前次移轉之所有人與公司及交易相對人間相互之關係、前次移轉日期及移轉金額:
不適用
14.交易標的最近五年內所有權人曾為公司之關係人者，尚應公告關係人之取得
及處分日期、價格及交易當時與公司之關係:
不適用
15.處分利益（或損失）:
不適用
16.交付或付款條件（含付款期間及金額）、契約限制條款及其他重要約定事項:
俟經濟部投資審議委員會等主管機關核准及相關法律程序完備後，依合約辦理交割。
17.本次交易之決定方式、價格決定之參考依據及決策單位:
Gaintech董事會
18.經紀人:
不適用
19.取得或處分之具體目的:
長期投資
20.本次交易表示異議董事之意見:
無
21.本次交易為關係人交易:否
22.董事會通過日期:
108年4月30日
23.監察人承認或審計委員會同意日期:
不適用
24.迄目前為止，投審會核准赴大陸地區投資總額（含本次投資）:
美金 858,293,758元，約新台幣26,456,905,090元
25.迄目前為止，投審會核准赴大陸地區投資總額（含本次投資）占最近期財務報表
實收資本額之比率:
166.24%
26.迄目前為止，投審會核准赴大陸地區投資總額（含本次投資）占最近期財務報表
總資產之比率:
7.97%
27.迄目前為止，投審會核准赴大陸地區投資總額（含本次投資）占最近期財務報表
歸屬於母公司業主之權益之比率:
9.69%
28.迄目前為止，實際赴大陸地區投資總額:
美金609,344,292 元
29.迄目前為止，實際赴大陸地區投資總額占最近期財務報表實收資本額之比率:
118.02%
30.迄目前為止，實際赴大陸地區投資總額占最近期財務報表總資產之比率:
5.66%
31.迄目前為止，實際赴大陸地區投資總額占最近期財務報表歸屬於母公司業主之權益之比率:
6.88%
32.最近三年度認列投資大陸損益金額:
105年度：認列投資利益新台幣1,443,937,000元
106年度：認列投資利益新台幣634,183,000元
107年度：認列投資利益新台幣1,285,369,000元
33.最近三年度獲利匯回金額:
0
34.本次交易會計師出具非合理性意見:否
35.會計師事務所名稱:
智權國際會計師事務所
36.會計師姓名:
徐坤光
37.會計師開業證書字號:
台省會證字第2728號
38.其他敘明事項:
無"
43, 108/04/30, 17:32:40, 顧大為, 財務長, (03)5670766," (補充) 代子公司絡達科技股份有限公司公告向關係人
取得使用權資產","　第
20 款	"," 108/04/25
","
1.標的物之名稱及性質（如坐落台中市北區ＸＸ段ＸＸ小段土地）:
1.新竹市科學園區篤行路5號2、4樓部份
2.新竹市科學園區篤行路5號停車位部份
2.事實發生日:108/4/25~108/4/25
3.交易單位數量（如ＸＸ平方公尺，折合ＸＸ坪）、每單位價格及交易總金額:
交易單位數量：合計846.3坪、47個車位
使用權資產總金額﹕新台幣44,867,590元
4.交易相對人及其與公司之關係（交易相對人如屬自然人，且非公司之關
係人者，得免揭露其姓名）:
交易相對人﹕聯發科技股份有限公司
與公司之關係：母公司
5.交易相對人為關係人者，並應公告選定關係人為交易對象之原因及前次移轉之
所有人、前次移轉之所有人與公司及交易相對人間相互之關係、前次移轉日期
及移轉金額:
選定關係人為交易對象之原因：此物件租賃交通位置、坪數大小等條件
符合公司業務上整體發展的需求
前次移轉日期﹕不適用
前次移轉金額﹕不適用
6.交易標的最近五年內所有權人曾為公司之關係人者，尚應公告關係
人之取得及處分日期、價格及交易當時與公司之關係:
不適用
7.預計處分利益（或損失）（取得資產者不適用）（遞延者應列表說明
認列情形）:
不適用
8.交付或付款條件（含付款期間及金額）、契約限制條款及其他重要約定
事項:
交付或付款條件：每月支付1,323,478元(含稅)
依合約起始日起算共計3年(2019/5/7~2022/5/6)
契約限制條款及其他重要約定事項：無
9.本次交易之決定方式（如招標、比價或議價）、價格決定之參考依據及
決策單位:
交易之決定方式及參考依據:依區域行情議價
決策單位:董事會
10.專業估價者事務所或公司名稱及其估價金額:
不適用
11.專業估價師姓名:
不適用
12.專業估價師開業證書字號:
不適用
13.估價報告是否為限定價格、特定價格或特殊價格:否或不適用
14.是否尚未取得估價報告:否或不適用
15.尚未取得估價報告之原因:
不適用
16.估價結果有重大差異時，其差異原因及會計師意見:
不適用
17.會計師事務所名稱:
不適用
18.會計師姓名:
不適用
19.會計師開業證書字號:
不適用
20.經紀人及經紀費用:
不適用
21.取得或處分之具體目的或用途:
此物件租賃交通位置、坪數大小等條件符合公司業務上整體發展的需求
22.本次交易表示異議之董事之意見:
無
23.本次交易為關係人交易:是
24.董事會通過日期:
民國108年4月25日
25.監察人承認或審計委員會同意日期:
民國108年4月25日
26.本次交易係向關係人取得不動產或其使用權資產:是
27.依「公開發行公司取得或處分資產處理準則」第十六條規定
評估之價格:不適用
28.依前項評估之價格較交易價格為低者，依同準則第十七條規
定評估之價格:不適用
29.其他敘明事項:
無"
44, 108/04/30, 17:33:26, 顧大為, 財務長, (03)5670766, 公告本公司董事會決議新增一○八年股東常會議案,"　第
17 款	"," 108/04/30
","
1.董事會決議日期:108/04/30
2.股東會召開日期:108/06/14
3.股東會召開地點:新竹科學工業園區篤行一路1號聯發科技(國際會議廳)
4.召集事由一、報告事項:
(一)民國一○七年度營業報告。
(二)審計委員會查核報告。
(三)民國一○七年度員工酬勞及董事酬勞分配情形報告。
(四)子公司晨星半導體合併完成情形報告。
5.召集事由二、承認事項:
(一)承認民國一○七年度之營業報告書及財務報表案。
(二)承認民國一○七年度盈餘分配案。
6.召集事由三、討論事項:
(一)討論資本公積發放現金案。
(二)修訂本公司「公司章程」。
(三)修訂本公司「取得或處分資產處理程序」。
(四)修訂本公司「背書保證作業辦法」。
(五)修訂本公司「資金貸與他人作業程序」。
7.召集事由四、選舉事項:無
8.召集事由五、其他議案:無
9.召集事由六、臨時動議:無
10.停止過戶起始日期:108/04/16
11.停止過戶截止日期:108/06/14
12.其他應敘明事項:無"
45, 108/04/30, 17:36:19, 顧大為, 財務長, (03)5670766, 代子公司匯發國際(香港)有限公司公告處分有價證券計劃,"　第
20 款	"," 108/11/22
","
1.證券名稱:
深圳市匯頂科技股份有限公司(下稱「匯頂」)普通股股份
2.交易日期:108/5/27~108/11/22
3.交易數量、每單位價格及交易總金額:
實際出售情況將視市場情況、匯頂股價等因素而定 
匯發擬出售不超過匯頂總股本2%之股份。
預計交易數量不超過9,133,032單位、如以2019年4月26日匯頂收盤價
人民幣127.09元計算、 預計交易總金額約人民幣11.60億元
 (約新台幣53.46億元;匯率為1人民幣對4.606新台幣)
4.處分利益（或損失）（取得有價證券者不適用）:
對稅後淨利及每股盈餘無影響;
其它綜合損益約新台幣46億元，其中約新台幣37億元已認列其它綜合損益未實現評價利益
(如以2019年4月26日匯頂收盤價人民幣127.09元及匯率為1人民幣對4.606新台幣計算)
5.與交易標的公司之關係:
非關係人
6.迄目前為止，累積持有本交易證券（含本次交易）之數量、金額、持股
比例及權利受限情形（如質押情形）:
持有匯頂股份之數量為63,120,062股（持股比例約為13.82%), 
於匯發帳面之價值約新台幣344億元。 匯發國際將來如有出售匯頂股份事宜，
仍應依當地相關法規 (及股東股份鎖定相關承諾)辦理。
7.迄目前為止，依「公開發行公司取得或處分資產處理準則」第三條所列之有價證券投
資（含本次交易）占公司最近期財務報表中總資產及歸屬於母公司業主之權益之比例
暨最近期財務報表中營運資金數額:
7.20%；10.63%；新台幣113,445,445,000元 
(如以2019年4月26日匯頂收盤價人民幣127.09元及匯率為1人民幣對4.606新台幣計算)
8.取得或處分之具體目的:
公司資金規劃
9.本次交易表示異議董事之意見:
無
10.本次交易為關係人交易:
否
11.交易相對人及其與公司之關係:
不適用
12.董事會通過日期:
不適用
13.監察人承認或審計委員會同意日期:
不適用
14.其他敘明事項:
如何實施此出售計畫將視市場情況、匯頂股價等因素而定， 
如有具體交易，將於處分計劃完成或上述交易期間屆滿後 
依相關規定辦理後續公告事宜。"
46, 108/04/30, 18:27:26, 顧大為, 財務長, (03)5670766, 董事會決議股利分派,"　第
14 款	"," 108/04/30
","
1. 董事會決議日期：108/04/30
2. 股東配發內容：
　(1)盈餘分配之現金股利(元/股)：6.00000000
　(2)法定盈餘公積、資本公積發放之現金(元/股)：3.00000000
　(3)股東配發之現金(股利)總金額(元)：14,287,849,839
　(4)盈餘轉增資配股(元/股)：0
　(5)法定盈餘公積、資本公積轉增資配股(元/股)：0
　(6)股東配股總股數(股)：0
3. 其他應敘明事項：
無
4. 普通股每股面額欄位：新台幣                 10.0000元"
47, 108/04/30, 18:27:57, 顧大為, 財務長, (03)5670766, 本公司2019年第1季合併財務報告,"　第
51 款	"," 108/04/30
","
1.事實發生日:108/04/30
2.公司名稱:聯發科技股份有限公司
3.與公司關係(請輸入本公司或子公司):本公司
4.相互持股比例:不適用
5.發生緣由:
聯發科技公佈2019年第1季合併財務報告
本季合併營收為新台幣527億2仟2佰萬元，較前季減少13.4%，較去年同期
增加6.2%
本季合併毛利率為40.7%，較前季增加1.8個百分點，較去年同期增加2.3個
百分點
本季合併營業利益為新台幣31億6仟9佰萬元，較前季減少17.7%，較去年同
期增加64.3%
本季合併本期淨利為新台幣34億1仟6佰萬元，每股盈餘為新台幣2.17元

合併營業收入
本公司2019年3月31日結算之第1季營業收入淨額為新台幣527億2仟2佰萬元，
較前季減少13.4%，較去年同期增加6.2%。本季營收較前季減少，主要因各
類消費性電子季節性需求調整。本季營收較去年同期增加，主要因部分消費
性電子產品(如電視晶片、物聯網、電源管理等)營收成長。

合併營業毛利與毛利率
本季營業毛利為新台幣214億7仟3佰萬元，較前季減少9.4%，較去年同期增
加12.5%。毛利率為40.7%，較前季增加1.8個百分點，較去年同期增加2.3個
百分點。本期毛利率較前期及去年同期增加，主要因有利的產品組合。

合併本期淨利、合併本期淨利率與每股盈餘
本季本期淨利為新台幣34億1仟6佰萬元，較前一季減少16.2%，較去年同期
增加34.8%。本季本期淨利率為6.5%，低於前一季之6.7%，高於去年同期
之5.1%。每股盈餘為新台幣2.17元，前一季每股盈餘為新台幣2.63元，去
年同期則為新台幣1.61元。本季本期淨利、本期淨利率與每股盈餘較前季
減少，主要因本季營收較前期下降。本季本期淨利、本期淨利率與每股盈
餘較去年同期增加，主要因本季營收較高及毛利大幅提升。

2019年第二季營運展望
合併營收: 約新台幣 596 億 ~ 638 億元
(假設2019-Q2美元兌台幣平均匯率為1：30.9)
合併毛利率: 40.5%  ±  1.5%
合併營業費用率: 32%  ±  2%
6.因應措施:不適用
7.其他應敘明事項:無"
48, 108/04/30, 18:29:55, 顧大為, 財務長, (03)5670766, 民國108年度第二季簡式合併財務預測公告,"　第
13 款	"," 108/04/30
","
1.財務預測年度：108
2.財務預測型態：簡式
3.董事會決議日期：1080430
4.財務預測編制、更正或更新日期：108/04/26
5.財務預測編製原因：
自願公開
6.其他應敘明事項：
無
　　　　　　　　　　本資料係屬預測性質，將來未必能完全達成，詳細內容應再參考
　　　　　　　　　　　　　　　　'重要會計政策及基本假設彙總'"
49, 108/05/10, 16:55:57, 顧大為, 財務長, (03)5670766, 聯發科技108年04月份自結合併營收淨額公告,"　第
51 款	"," 108/05/10
","
1.事實發生日:108/05/10
2.公司名稱:聯發科技股份有限公司
3.與公司關係(請輸入本公司或子公司):本公司
4.相互持股比例:不適用
5.發生緣由:
聯發科技一百零八年四月份自結合併營收淨額為新台幣215億5仟3佰萬元，
較前月合併營收淨額新台幣223億1仟9佰萬元減少3.43%。
6.因應措施:無
7.其他應敘明事項:無"
50, 108/05/14, 17:58:27, 顧大為, 財務長, (03)5670766, 公告本公司限制員工權利新股註銷完成變更登記事宜,"　第
36 款	"," 108/05/14
","
1.主管機關核准減資日期:108/05/13
2.辦理資本變更登記完成日期:108/05/13
3.對財務報告之影響（含實收資本額與流通在外股數之差異與對每股淨值之影響）:
(1)本次銷除股份6,154,712股，每股面額新台幣(以下同)壹拾元，
   共計減少資本61,547,120元。
(2)RSA股份註銷減資前：本公司實收資本額為15,936,935,830元，
   流通在外股數為1,593,693,583股，每股淨值180.27元。
(3)RSA股份註銷減資後：本公司實收資本額為15,875,388,710元，
   流通在外股數為1,587,538,871股，每股淨值180.98元。
(註:每股淨值係以108年第1季之財務報表為設算依據)。
4.預計換股作業計畫:不適用
5.預計減資新股上市後之上市普通股股數:不適用
6.預計減資新股上市後之上市普通股股數占已發行普通股比率
 （減資後上市普通股股數/減資後已發行普通股股數）:不適用
7.前二項預計減資後上巿普通股股數未達6000萬股且未達25%者，請說明股權流通性偏低
  之因應措施:不適用
8.其他應敘明事項:無"
51, 108/05/17, 18:21:55, 顧大為, 財務長, (03)5670766, 代子公司Richtek USA INC.公告向關係人取得使用權資產,"　第
20 款	"," 108/05/17
","
1.標的物之名稱及性質（如坐落台中市北區ＸＸ段ＸＸ小段土地）:
2840 Junction Avenue, San Jose, California之不動產使用權資產
2.事實發生日:108/5/17~108/5/17
3.交易單位數量（如ＸＸ平方公尺，折合ＸＸ坪）、每單位價格及交易總金額:
交易單位數量:5,000平方公尺，折合1,512.5坪
每單位價格:第一年每月租金美金15,500；第二年每月租金美金15,965；
第三年租金每月美金16,443.95，
交易總金額:不動產之使用權資產美金511,148.29
(相當於新台幣15,797,038元，以2019年4月30日之Bloomberg匯率30.905計算，
最終台幣金額視交易當天匯率換算而定)
4.交易相對人及其與公司之關係（交易相對人如屬自然人，且非公司之關
係人者，得免揭露其姓名）:
交易相對人:MEDIATEK USA INC.
與公司之關係:關係人
5.交易相對人為關係人者，並應公告選定關係人為交易對象之原因及前次移轉之
所有人、前次移轉之所有人與公司及交易相對人間相互之關係、前次移轉日期
及移轉金額:
選定關係人為交易對象之原因:物件位置交通大小等條件符合公司整體發展需求
前次移轉之所有人、前次移轉之所有人與公司及交易相對人間相互之關係、
前次移轉日期及移轉金額:不適用
6.交易標的最近五年內所有權人曾為公司之關係人者，尚應公告關係
人之取得及處分日期、價格及交易當時與公司之關係:
不適用
7.預計處分利益（或損失）（取得資產者不適用）（遞延者應列表說明
認列情形）:
不適用
8.交付或付款條件（含付款期間及金額）、契約限制條款及其他重要約定
事項:
付款期間及金額:依合約起始日起算共計3 年，
第一年每月租金美金15,500；第二年每月租金美金15,965；
第三年租金每月美金16,443.95，
租期:不動產之使用權資產合約期間自民國108年8月1日至民國111年5月9日止
契約限制條款及其他重要約定:無
9.本次交易之決定方式（如招標、比價或議價）、價格決定之參考依據及
決策單位:
交易之決定方式:依據市場行情議價
格決定之參考依據:參考附近區域租賃市場行情
決策單位:董事會
10.專業估價者事務所或公司名稱及其估價金額:
不適用
11.專業估價師姓名:
不適用
12.專業估價師開業證書字號:
不適用
13.估價報告是否為限定價格、特定價格或特殊價格:否或不適用
14.是否尚未取得估價報告:否或不適用
15.尚未取得估價報告之原因:
不適用
16.估價結果有重大差異時，其差異原因及會計師意見:
不適用
17.會計師事務所名稱:
不適用
18.會計師姓名:
不適用
19.會計師開業證書字號:
不適用
20.經紀人及經紀費用:
無
21.取得或處分之具體目的或用途:
物件位置交通大小等條件符合公司整體發展需求
22.本次交易表示異議之董事之意見:
無
23.本次交易為關係人交易:是
24.董事會通過日期:
民國108年5月17 日
25.監察人承認或審計委員會同意日期:
不適用，無監察人
26.本次交易係向關係人取得不動產或其使用權資產:是
27.依「公開發行公司取得或處分資產處理準則」第十六條規定
評估之價格:不適用
28.依前項評估之價格較交易價格為低者，依同準則第十七條規
定評估之價格:不適用
29.其他敘明事項:
無"
52, 108/05/22, 16:06:28, 顧大為, 財務長, (03)5670766, 公告本公司參與機構投資人說明會,"　第
12 款	"," 108/05/23
","
符合條款第四條第XX款：12
事實發生日：108/05/23
1.召開法人說明會之日期：108/05/23 ~ 108/05/24
2.召開法人說明會之時間：09 時 00 分 
3.召開法人說明會之地點：台北
4.法人說明會擇要訊息：公告本公司108年5月23日至5月24日受邀參加花旗證券於台北舉辦之Regional Tech Investor Conference 2019，會中就本公司已公開發佈之財務數字、經營績效等相關資訊做說明。簡報資料請參閱公開資訊觀測站。
5.其他應敘明事項：無
完整財務業務資訊請至公開資訊觀測站之法人說明會一覽表或法說會項目下查閱。"
53, 108/06/10, 16:56:46, 顧大為, 財務長, (03)5670766, 聯發科技108年05月份自結合併營收淨額公告,"　第
51 款	"," 108/06/10
","
1.事實發生日:108/06/10
2.公司名稱:聯發科技股份有限公司
3.與公司關係(請輸入本公司或子公司):本公司
4.相互持股比例:不適用
5.發生緣由:
聯發科技一百零八年五月份自結合併營收淨額為新台幣191億2仟1佰萬元，
較前月合併營收淨額新台幣215億5仟3佰萬元減少11.29%。
6.因應措施:無
7.其他應敘明事項:無"
54, 108/06/14, 18:17:55, 顧大為, 財務長, (03)5670766, 代重要子公司立錡科技股份有限公司公告民國108年除息基準日,"　第
14 款	"," 108/06/14
","
1.董事會、股東會決議或公司決定日期:108/06/14
2.除權、息類別（請填入「除權」、「除息」或「除權息」）:除息
3.發放股利種類及金額:盈餘分配普通股現金股利新台幣NT$2,149,140,060元
4.除權（息）交易日:NA
5.最後過戶日:108/07/04
6.停止過戶起始日期:108/07/05
7.停止過戶截止日期:108/07/09
8.除權（息）基準日:108/07/09
9.其他應敘明事項:現金股利發放日108/07/19"
55, 108/06/14, 18:18:31, 顧大為, 財務長, (03)5670766," 代重要子公司旭思投資股份有限公司公告董事會決議通過
辦理現金減資案","　第
11 款	"," 108/06/14
","
1.董事會決議日期:108/06/14
2.減資緣由:提升資金管理效率
3.減資金額:3,400,000,000元
4.消除股份:340,000,000股
5.減資比率:11.07%
6.減資後股本:27,300,000,000元
7.預定股東會日期:不適用
8.預計減資新股上市後之上市普通股股數:不適用
9.預計減資新股上市後之上市普通股股數占已發行普通股比率
（減資後上市普通股股數/減資後已發行普通股股數）:不適用
10.前二項預計減資後上巿普通股股數未達6000萬股且未達25%者，
請說明股權流通性偏低之因應措施:不適用
11.其他應敘明事項:減資基準日:108/07/24"
56, 108/06/14, 18:19:12, 顧大為, 財務長, (03)5670766, 公告本公司一○八年股東常會重要決議事項,"　第
18 款	"," 108/06/14
","
1.股東常會日期:108/06/14
2.重要決議事項一、盈餘分配或盈虧撥補:
通過承認民國一○七年度盈餘分配案，通過每普通股配發現金股利6元
3.重要決議事項二、章程修訂:
通過修訂本公司「公司章程」
4.重要決議事項三、營業報告書及財務報表:
通過承認民國一○七年度之營業報告書及財務報表案
5.重要決議事項四、董監事選舉:無
6.重要決議事項五、其他事項:
通過資本公積發放現金案，每普通股配發現金3元
通過修訂本公司「取得或處分資產處理程序」
通過修訂本公司「背書保證作業辦法」
通過修訂本公司「資金貸與他人作業程序」
7.其他應敘明事項:無"
57, 108/06/14, 18:19:48, 顧大為, 財務長, (03)5670766, 公告本公司民國108年除息基準日,"　第
14 款	"," 108/06/14
","
1.董事會、股東會決議或公司決定日期:108/06/14
2.除權、息類別（請填入「除權」、「除息」或「除權息」）:除息
3.發放股利種類及金額:
盈餘分配普通股現金股利新台幣9,525,233,226元
資本公積發放現金新台幣4,762,616,613元
4.除權（息）交易日:108/07/08
5.最後過戶日:108/07/09
6.停止過戶起始日期:108/07/10
7.停止過戶截止日期:108/07/14
8.除權（息）基準日:108/07/14
9.其他應敘明事項:
 現金股利發放日:108/08/01"
58, 108/06/14, 18:20:53, 顧大為, 財務長, (03)5670766," 代重要子公司Gaintech Co. Limited公告增資其
子公司奕力科技(開曼)股份有限公司","　第
20 款	"," 108/06/14
","
1.標的物之名稱及性質（屬特別股者，並應標明特別股約定發行條件，如股息率等）:
奕力科技(開曼)股份有限公司( 簡稱「奕力開曼」)普通股股份
2.事實發生日:108/6/14~108/6/14
3.交易數量、每單位價格及交易總金額:
交易單位數量:351,515,152股,每單位價格:USD0.33,
交易總金額:USD116,000,000.16
4.交易相對人及其與公司之關係（交易相對人如屬自然人，且非公司之
關係人者，得免揭露其姓名）:
奕力開曼; 100%持有子公司
5.交易相對人為關係人者，並應公告選定關係人為交易對象之原因及前次移
轉之所有人、前次移轉之所有人與公司及交易相對人間相互之關係、前次
移轉日期及移轉金額:
不適用
6.交易標的最近五年內所有權人曾為公司之關係人者，尚應公告關係人之取
得及處分日期、價格及交易當時與公司之關係:
不適用
7.本次係處分債權之相關事項（含處分之債權附隨擔保品種類、處分債權
如有屬對關係人債權者尚需公告關係人名稱及本次處分該關係人之債權
帳面金額:
不適用
8.處分利益（或損失）（取得有價證券者不適用）（原遞延者應列表說明
認列情形）:
不適用
9.交付或付款條件（含付款期間及金額）、契約限制條款及其他重要約定
事項:
董事會決議後安排現金增資；無。
10.本次交易之決定方式、價格決定之參考依據及決策單位:
現金增資；董事會。
11.取得或處分有價證券標的公司每股淨值:
不適用
12.迄目前為止，累積持有本交易證券（含本次交易）之數量、金額、持股
比例及權利受限情形（如質押情形）:
351,515,152股；USD116,000,000.16；100%
13.迄目前為止，依「公開發行公司取得或處分資產處理準則」第三條所列
之有價證券投資（含本次交易）占公司最近期財務報表中總資產及歸屬
於母公司業主之權益之比例暨最近期財務報表中營運資金數額（註二）:
占最近期財務報表中總資產之比例：31.72%
占最近期財務報表中歸屬於母公司業主之權益之比例：36.84%
最近期財務報表中營運資金數額：新台幣35,219,127千元
14.經紀人及經紀費用:
無
15.取得或處分之具體目的或用途:
配合辦理本公司108/1/30董事會決議集團子公司奕力科技組織調整案。
16.本次交易表示異議董事之意見:
無
17.本次交易為關係人交易:是
18.董事會通過日期:
民國108年6月14日
19.監察人承認或審計委員會同意日期:
不適用
20.本次交易會計師出具非合理性意見:不適用
21.會計師事務所名稱:
不適用
22.會計師姓名:
不適用
23.會計師開業證書字號:
不適用
24.其他敘明事項:
無"
59, 108/06/26, 16:53:49, 顧大為, 財務長, (03)5670766, 公告本公司參與機構投資人說明會,"　第
12 款	"," 108/06/27
","
符合條款第四條第XX款：12
事實發生日：108/06/27
1.召開法人說明會之日期：108/06/27 ~ 108/06/28
2.召開法人說明會之時間：09 時 00 分 
3.召開法人說明會之地點：台北
4.法人說明會擇要訊息：公告本公司108年6月27日至6月28日受邀參加瑞銀證券於台北舉辦之Taiwan Conference 2019，會中就本公司已公開發佈之財務數字、經營績效等相關資訊做說明。簡報資料請參閱公開資訊觀測站。
5.其他應敘明事項：無
完整財務業務資訊請至公開資訊觀測站之法人說明會一覽表或法說會項目下查閱。"
60, 108/06/28, 18:03:09, 顧大為, 財務長, (03)5670766," 代重要子公司旭思投資股份有限公司公告召集董事會
(代行使股東會職權)","　第
17 款	"," 108/06/28
","
1.董事會決議日期:108/06/28
2.股東會召開日期:108/06/28
3.股東會召開地點:新竹縣竹北市台元一街5號3樓之7
4.召集事由一、報告事項:
(1)107年度營業報告書。
5.召集事由二、承認事項:
(1)承認107年度之營業報告書及財務報表案。
(2)承認107年度虧損撥補案。
6.召集事由三、討論事項:無
7.召集事由四、選舉事項:無
8.召集事由五、其他議案:無
9.召集事由六、臨時動議:無
10.停止過戶起始日期:NA
11.停止過戶截止日期:NA
12.其他應敘明事項:無"
61, 108/06/28, 18:03:57, 顧大為, 財務長, (03)5670766," 代重要子公司旭思投資股份有限公司公告董事會
(代行使股東會職權)重要決議事項","　第
18 款	"," 108/06/28
","
1.股東常會日期:108/06/28
2.重要決議事項一、盈餘分配或盈虧撥補:盈虧撥補
3.重要決議事項二、章程修訂:無
4.重要決議事項三、營業報告書及財務報表:是
5.重要決議事項四、董監事選舉:無
6.重要決議事項五、其他事項:無
7.其他應敘明事項:無"
62, 108/06/28, 18:04:27, 顧大為, 財務長, (03)5670766," 代重要子公司旭達投資股份有限公司公告召集董事會
(代行使股東會職權)","　第
17 款	"," 108/06/28
","
1.董事會決議日期:108/06/28
2.股東會召開日期:108/06/28
3.股東會召開地點:臺北市內湖區內湖路1段91巷15-2號7樓
4.召集事由一、報告事項:
(1)107年度營業報告書。
5.召集事由二、承認事項:
(1)承認107年度之營業報告書及財務報表案。
(2)承認107年度虧損撥補案。
6.召集事由三、討論事項:無
7.召集事由四、選舉事項:無
8.召集事由五、其他議案:無
9.召集事由六、臨時動議:無
10.停止過戶起始日期:NA
11.停止過戶截止日期:NA
12.其他應敘明事項:無"
63, 108/06/28, 18:04:53, 顧大為, 財務長, (03)5670766," 代重要子公司旭達投資股份有限公司公告董事會
(代行使股東會職權)重要決議事項","　第
18 款	"," 108/06/28
","
1.股東常會日期:108/06/28
2.重要決議事項一、盈餘分配或盈虧撥補:盈虧撥補
3.重要決議事項二、章程修訂:無
4.重要決議事項三、營業報告書及財務報表:是
5.重要決議事項四、董監事選舉:無
6.重要決議事項五、其他事項:無
7.其他應敘明事項:無"
64, 108/06/28, 18:05:33, 顧大為, 財務長, (03)5670766," 代子公司Gaintech Co. Limited公告間接增資
聯發科軟件(武漢)有限公司","　第
20 款	"," 108/06/28
","
1.事實發生日:自民國108/6/28至民國108/6/28
2.本次新增（減少）投資方式:
由Gaintech Co. Limited透過聯發科中國有限公司增資
3.交易單位數量、每單位價格及交易總金額:
交易數量與單位價格：不適用
交易總金額：人民幣84,360,000
4.大陸被投資公司之公司名稱:
聯發科軟件(武漢)有限公司
5.前開大陸被投資公司之實收資本額:
美金4,800,000元
6.前開大陸被投資公司本次擬新增資本額:
人民幣84,360,000元
7.前開大陸被投資公司主要營業項目:
軟硬件開發
8.前開大陸被投資公司最近年度財務報表會計師意見型態:
無保留意見
9.前開大陸被投資公司最近年度財務報表權益總額:
人民幣80,786,265.84元
10.前開大陸被投資公司最近年度財務報表損益金額:
人民幣8,466,466.63元
11.迄目前為止，對前開大陸被投資公司之實際投資金額:
美金4,800,000元
12.交易相對人及其與公司之關係:
100%持有子公司
13.交易相對人為關係人者，並應公告選定關係人為交易對象之原因及前次移轉
之所有人、前次移轉之所有人與公司及交易相對人間相互之關係、前次移轉日期及移轉金額:
不適用
14.交易標的最近五年內所有權人曾為公司之關係人者，尚應公告關係人之取得
及處分日期、價格及交易當時與公司之關係:
不適用
15.處分利益（或損失）:
不適用
16.交付或付款條件（含付款期間及金額）、契約限制條款及其他重要約定事項:
俟經濟部投資審議委員會核准後採現金匯出
17.本次交易之決定方式、價格決定之參考依據及決策單位:
Gaintech Co. Limited 董事會
18.經紀人:
不適用
19.取得或處分之具體目的:
營運需求
20.本次交易表示異議董事之意見:
無
21.本次交易為關係人交易:是
22.董事會通過日期:
民國108年6月28日
23.監察人承認或審計委員會同意日期:
不適用
24.迄目前為止，投審會核准赴大陸地區投資總額（含本次投資）:
美金882,553,638.48元，約新台幣27,899,285,620元
25.迄目前為止，投審會核准赴大陸地區投資總額（含本次投資）占最近期財務報表
實收資本額之比率:
175.06%
26.迄目前為止，投審會核准赴大陸地區投資總額（含本次投資）占最近期財務報表
總資產之比率:
8.40%
27.迄目前為止，投審會核准赴大陸地區投資總額（含本次投資）占最近期財務報表
歸屬於母公司業主之權益之比率:
9.76%
28.迄目前為止，實際赴大陸地區投資總額:
美金614,344,292元，約新台幣19,420,651,759元
29.迄目前為止，實際赴大陸地區投資總額占最近期財務報表實收資本額之比率:
121.86%
30.迄目前為止，實際赴大陸地區投資總額占最近期財務報表總資產之比率:
5.85%
31.迄目前為止，實際赴大陸地區投資總額占最近期財務報表歸屬於母公司業主之權益之比率:
6.79%
32.最近三年度認列投資大陸損益金額:
105年度：認列投資利益新台幣1,443,937,000元
106年度：認列投資利益新台幣  634,183,000元
107年度：認列投資利益新台幣1,285,369,000元
33.最近三年度獲利匯回金額:
0
34.本次交易會計師出具非合理性意見:不適用
35.會計師事務所名稱:
不適用
36.會計師姓名:
不適用
37.會計師開業證書字號:
不適用
38.其他敘明事項:
無"
65, 108/06/28, 18:06:03, 顧大為, 財務長, (03)5670766, 代子公司奕力科技股份有限公司公告向關係人取得使用權資產,"　第
20 款	"," 108/06/28
","
1.標的物之名稱及性質（如坐落台中市北區ＸＸ段ＸＸ小段土地）:
1.新竹縣竹北市台元二街1號9樓之一. 二
2.新竹縣竹北市台元二街1號停車位部份
2.事實發生日:108/6/28~108/6/28
3.交易單位數量（如ＸＸ平方公尺，折合ＸＸ坪）、每單位價格及交易總金額:
交易單位數量：1,321.69坪   車位：69個
每單位價格：每坪每月租金新台幣798元(含稅)
車位每個每月租金：新台幣3,000~3,100元(含稅)
交易總金額：每月新台幣1,263,076元(含稅)
使用權資產總金額：26,200,869
4.交易相對人及其與公司之關係（交易相對人如屬自然人，且非公司之關
係人者，得免揭露其姓名）:
交易相對人：聯發科技股份有限公司
與公司之關係：母公司
5.交易相對人為關係人者，並應公告選定關係人為交易對象之原因及前次移轉之
所有人、前次移轉之所有人與公司及交易相對人間相互之關係、前次移轉日期
及移轉金額:
選定關係人為交易對象之原因：交通位置及坪數大小等條件,
符合公司業務上整體發展需求
前次移轉日期及移轉金額：不適用
6.交易標的最近五年內所有權人曾為公司之關係人者，尚應公告關係
人之取得及處分日期、價格及交易當時與公司之關係:
不適用
7.預計處分利益（或損失）（取得資產者不適用）（遞延者應列表說明
認列情形）:
不適用
8.交付或付款條件（含付款期間及金額）、契約限制條款及其他重要約定
事項:
付款條件：每月支付,每次支付新台幣1,263,076元(含稅)
依合約起始日起算：108/07/01~110/04/30
契約限制條款及其他重要約定事項：無
9.本次交易之決定方式（如招標、比價或議價）、價格決定之參考依據及
決策單位:
本次交易之決定方式及價格決定之參考依據：依區域行情議價
決策單位：董事會
10.專業估價者事務所或公司名稱及其估價金額:
不適用
11.專業估價師姓名:
不適用
12.專業估價師開業證書字號:
不適用
13.估價報告是否為限定價格、特定價格或特殊價格:否或不適用
14.是否尚未取得估價報告:否或不適用
15.尚未取得估價報告之原因:
不適用
16.估價結果有重大差異時，其差異原因及會計師意見:
不適用
17.會計師事務所名稱:
不適用
18.會計師姓名:
不適用
19.會計師開業證書字號:
不適用
20.經紀人及經紀費用:
不適用
21.取得或處分之具體目的或用途:
交通位置及坪數大小等條件,符合公司業務上整體發展的需求
22.本次交易表示異議之董事之意見:
無
23.本次交易為關係人交易:是
24.董事會通過日期:
民國108年6月28日
25.監察人承認或審計委員會同意日期:
不適用，本公司無設置監察人
26.本次交易係向關係人取得不動產或其使用權資產:是
27.依「公開發行公司取得或處分資產處理準則」第十六條規定
評估之價格:不適用
28.依前項評估之價格較交易價格為低者，依同準則第十七條規
定評估之價格:不適用
29.其他敘明事項:
無"
66, 108/06/28, 18:06:30, 顧大為, 財務長, (03)5670766, 代子公司絡達科技股份有限公司公告向關係人取得使用權資產,"　第
20 款	"," 108/06/28
","
1.標的物之名稱及性質（如坐落台中市北區ＸＸ段ＸＸ小段土地）:
1.台北市內湖區堤頂大道一段1號2樓部分
2.台北市內湖區堤頂大道一段1號機車停車位部分
2.事實發生日:108/6/28~108/6/28
3.交易單位數量（如ＸＸ平方公尺，折合ＸＸ坪）、每單位價格及交易總金額:
交易單位數量：合計143.5坪、10個車位
使用權資產總金額﹕新台幣5,078,568元
4.交易相對人及其與公司之關係（交易相對人如屬自然人，且非公司之關
係人者，得免揭露其姓名）:
交易相對人﹕聯發科技股份有限公司
與公司之關係：母公司
5.交易相對人為關係人者，並應公告選定關係人為交易對象之原因及前次移轉之
所有人、前次移轉之所有人與公司及交易相對人間相互之關係、前次移轉日期
及移轉金額:
選定關係人為交易對象之原因：此物件租賃交通位置、坪數大小等條件
符合公司業務上整體發展的需求
前次移轉日期﹕不適用
前次移轉金額﹕不適用
6.交易標的最近五年內所有權人曾為公司之關係人者，尚應公告關係
人之取得及處分日期、價格及交易當時與公司之關係:
不適用
7.預計處分利益（或損失）（取得資產者不適用）（遞延者應列表說明
認列情形）:
不適用
8.交付或付款條件（含付款期間及金額）、契約限制條款及其他重要約定
事項:
交付或付款條件：每月支付新台幣149,805元(含稅)
依合約起始日起算共計3年(108/7/1~111/6/30)
契約限制條款及其他重要約定事項：無
9.本次交易之決定方式（如招標、比價或議價）、價格決定之參考依據及
決策單位:
交易之決定方式及參考依據:依區域行情議價
決策單位:董事會
10.專業估價者事務所或公司名稱及其估價金額:
不適用
11.專業估價師姓名:
不適用
12.專業估價師開業證書字號:
不適用
13.估價報告是否為限定價格、特定價格或特殊價格:否或不適用
14.是否尚未取得估價報告:否或不適用
15.尚未取得估價報告之原因:
不適用
16.估價結果有重大差異時，其差異原因及會計師意見:
不適用
17.會計師事務所名稱:
不適用
18.會計師姓名:
不適用
19.會計師開業證書字號:
不適用
20.經紀人及經紀費用:
不適用
21.取得或處分之具體目的或用途:
此物件租賃交通位置、坪數大小等條件符合公司業務上整體發展的需求
22.本次交易表示異議之董事之意見:
無
23.本次交易為關係人交易:是
24.董事會通過日期:
民國108年6月28日
25.監察人承認或審計委員會同意日期:
民國108年6月28日
26.本次交易係向關係人取得不動產或其使用權資產:是
27.依「公開發行公司取得或處分資產處理準則」第十六條規定
評估之價格:不適用
28.依前項評估之價格較交易價格為低者，依同準則第十七條規
定評估之價格:不適用
29.其他敘明事項:
無"
67, 108/07/10, 16:56:53, 顧大為, 財務長, (03)5670766, 聯發科技108年06月份自結合併營收淨額公告,"　第
51 款	"," 108/07/10
","
1.事實發生日:108/07/10
2.公司名稱:聯發科技股份有限公司
3.與公司關係(請輸入本公司或子公司):本公司
4.相互持股比例:不適用
5.發生緣由:
聯發科技一百零八年六月份自結合併營收淨額為新台幣208億9仟3佰萬元，
較前月合併營收淨額新台幣幣191億2仟1佰萬元增加9.27%。
6.因應措施:無
7.其他應敘明事項:無"
68, 108/07/12, 17:02:45, 顧大為, 財務長, (03)5670766, 本公司董事長決定限制員工權利新股之增資基準日,"　第
51 款	"," 108/07/12
","
1.事實發生日:108/07/12
2.公司名稱:聯發科技股份有限公司
3.與公司關係(請輸入本公司或子公司):本公司
4.相互持股比例:不適用
5.發生緣由:
(1)本公司已於107/06/15股東常會決議通過民國107年限制員工權利新股19,200,000股，
每股面額10元，總額新臺幣192,000,000元乙案，業經金融監督管理委員會
（金管證發字第1070328651號函）自107/08/13申報生效。
(2)依本公司【民國107年限制員工權利新股發行辦法】，實際發行日期(即增資基準日)
授權董事長決定；本公司董事長決定增資基準日為108/07/15。
(3)本次增資基準日實際發行股數為 2,182,958 股。
6.因應措施:不適用
7.其他應敘明事項:無"
69, 108/07/17, 16:56:56, 顧大為, 財務長, (03)5670766, 本公司於108/07/31召開第二季法人說明會,"　第
12 款	"," 108/07/31
","
符合條款第四條第XX款：12
事實發生日：108/07/31
1.召開法人說明會之日期：108/07/31
2.召開法人說明會之時間：16 時 00 分 
3.召開法人說明會之地點：線上法說會
4.法人說明會擇要訊息：聯發科技股份有限公司(代號：2454)擬於2019年07月31日(星期三)舉行2019年第二季線上法人說明會，由執行長蔡力行先生以及財務長顧大為先生擔任主講人，報告本公司的營運成果並回答投資人提問。
有意參加者可透過網路連結至本公司網站之投資人專區參加線上法人說明會。欲提問之投資人請撥打以下電話號碼參加會議。
日程及網路會議網址：
日期: 2019年07月31日(星期三)
 時間: 4:00 – 5:00 p.m.      語言: 中文
 網址: http://wms.gridow.com/ir/mediatek/tw/mediatek_2019Q2_tw.html
 時間: 5:30 – 6:30 p.m.      語言: 英文
 網址: http://wms.gridow.com/ir/mediatek/en/mediatek_2019Q2_en.html
電話法人說明會撥打號碼: +886-2-21928016
電話接通後，請按代碼: 950653#
本公司當季財務報告新聞稿您可以於會議前 10至15分鐘至本公司網站www.mediatek.com下載。若您有任何問題請撥打+ 886-3-567-0766 與我們的投資人關係專人連絡。
5.其他應敘明事項：無
完整財務業務資訊請至公開資訊觀測站之法人說明會一覽表或法說會項目下查閱。"
70, 108/07/31, 18:33:02, 顧大為, 財務長, (03)5670766," 公告本公司董事會決議辦理限制員工權利新股收回註銷減資
事宜","　第
11 款	"," 108/07/31
","
1.董事會決議日期:108/07/31
2.減資緣由:因原獲配限制員工權利新股之員工未達既得條件，將收回之限制員工權利
新股辦理註銷減資。
3.減資金額:新台幣306,270元
4.消除股份:30,627股
5.減資比率:0.0019%
6.減資後股本:新台幣15,896,912,020元
7.預定股東會日期:不適用
8.預計減資新股上市後之上市普通股股數:1,589,691,202股
9.預計減資新股上市後之上市普通股股數占已發行普通股比率
（減資後上市普通股股數/減資後已發行普通股股數）:不適用
10.前二項預計減資後上巿普通股股數未達6000萬股且未達25%者，
請說明股權流通性偏低之因應措施:不適用
11.其他應敘明事項:訂定減資基準日為108/7/31"
71, 108/07/31, 18:33:34, 顧大為, 財務長, (03)5670766, 本公司2019年第2季合併財務報告,"　第
51 款	"," 108/07/31
","
1.事實發生日:108/07/31
2.公司名稱:聯發科技股份有限公司
3.與公司關係(請輸入本公司或子公司):本公司
4.相互持股比例:不適用
5.發生緣由:
聯發科技公佈2019年第2季合併財務報告
本季合併營收為新台幣615億6仟7佰萬元，較前季增加16.8%，較去年
同期增加1.8%
本季合併毛利率為41.9%，較前季增加1.2個百分點，較去年同期增加3.7個
百分點
本季合併營業利益為新台幣61億4仟3佰萬元，較前季增加93.9%，較去年同
期增加50.1%
本季合併本期淨利為新台幣65億3佰萬元，每股盈餘為新台幣4.11元

合併營業收入
本公司2019年6月30日結算之第2季營業收入淨額為新台幣615億6仟7佰萬元，
較前季增加16.8%，較去年同期增加1.8%。本季營收較前季增加，主要因各
類消費性電子季節性需求回升。本季營收較去年同期增加，主要因物聯網、
客製化晶片及電源管理晶片等消費性電子產品營收成長。

合併營業毛利與毛利率
本季營業毛利為新台幣257億9仟萬元，較前季增加20.1%，較去年同期增
加11.6%。毛利率為41.9%，較前季增加1.2個百分點，較去年同期增加3.7個
百分點。本期毛利率較前期及去年同期增加，主要因有利的產品組合。

合併本期淨利、合併本期淨利率與每股盈餘
本季本期淨利為新台幣65億3佰萬元，較前一季增加90.4%，較去年同期減
少12.6%。本季本期淨利率為10.6%，高於前一季之6.5%，低於去年同期
之12.3%。每股盈餘為新台幣4.11元，前一季每股盈餘為新台幣2.17元，
去年同期則為新台幣4.72元。本季本期淨利、本期淨利率與每股盈餘較
前季增加，主要因本季營收較前期上升及毛利提升。本季本期淨利、本
期淨利率與每股盈餘較去年同期減少，主要因本季業外處分投資利益較
去年同期低。

2019年第三季營運展望
合併營收: 約新台幣 653 億 ~ 702 億元
(假設2019-Q3美元兌台幣平均匯率為1：31.2)
合併毛利率: 41.5%  ±  1.5%
合併營業費用率: 31%  ±  2%
6.因應措施:不適用
7.其他應敘明事項:無"
72, 108/07/31, 18:34:01, 顧大為, 財務長, (03)5670766, 民國108年度第三季簡式合併財務預測公告,"　第
13 款	"," 108/07/31
","
1.財務預測年度：108
2.財務預測型態：簡式
3.董事會決議日期：1080731
4.財務預測編制、更正或更新日期：108/07/26
5.財務預測編製原因：
自願公開
6.其他應敘明事項：
無
　　　　　　　　　　本資料係屬預測性質，將來未必能完全達成，詳細內容應再參考
　　　　　　　　　　　　　　　　'重要會計政策及基本假設彙總'"
73, 108/07/31, 18:34:27, 顧大為, 財務長, (03)5670766," 公告本公司董事會決議集團子公司Sigmastar Technology Inc. 
組織調整案","　第
20 款	"," 108/07/31
","
1.標的物之名稱及性質（屬特別股者，並應標明特別股約定發行條件，如股息率等）:
Sigmastar Technology Inc. ( 簡稱「聚星」) 之100%股權
2.事實發生日:108/7/31~108/7/31
3.交易數量、每單位價格及交易總金額:
52,031,546股，每股約美金1.08元， 總金額美金56,405,100元
(相當於新台幣1,752,619,267元，以2019年06月30日之Bloomberg匯率31.072計算，
最終台幣金額視交易當天匯率換算而定)
4.交易相對人及其與公司之關係（交易相對人如屬自然人，且非公司之
關係人者，得免揭露其姓名）:
MediaTek Investment Singapore Pte. Ltd( 簡稱「MSG」)及Gaintech Co. Limited 
 ( 簡稱「GCL」) MSG及GCL為本公司100%持有之公司。
5.交易相對人為關係人者，並應公告選定關係人為交易對象之原因及前次移
轉之所有人、前次移轉之所有人與公司及交易相對人間相互之關係、前次
移轉日期及移轉金額:
MSG發行56,405,100股予本公司以取得聚星後，再續由GCL發行56,405,100股予MSG
取得聚星，聚星將由GCL 100%持有。
6.交易標的最近五年內所有權人曾為公司之關係人者，尚應公告關係人之取
得及處分日期、價格及交易當時與公司之關係:
聚星原為本公司透過晨星半導體股份有限公司100%間接持有之子公司，
自民國108年1月1日起本公司與晨星半導體合併後，現為本公司直接持有之子公司。
7.本次係處分債權之相關事項（含處分之債權附隨擔保品種類、處分債權
如有屬對關係人債權者尚需公告關係人名稱及本次處分該關係人之債權
帳面金額:
不適用
8.處分利益（或損失）（取得有價證券者不適用）（原遞延者應列表說明
認列情形）:
本案為集團內組織調整，無處份損益
9.交付或付款條件（含付款期間及金額）、契約限制條款及其他重要約定
事項:
依合約約定相關程序完備後，辦理交割
10.本次交易之決定方式、價格決定之參考依據及決策單位:
本公司董事會
11.取得或處分有價證券標的公司每股淨值:
33.68元
12.迄目前為止，累積持有本交易證券（含本次交易）之數量、金額、持股
比例及權利受限情形（如質押情形）:
52,031,546股，每股約美金1.08元， 總金額美金56,405,100元
(相當於新台幣1,752,619,267元，以2019年06月30日之Bloomberg匯率31.072計算，
最終台幣金額視交易當天匯率換算而定) 100%；無權利受限
13.迄目前為止，依「公開發行公司取得或處分資產處理準則」第三條所列
之有價證券投資（含本次交易）占公司最近期財務報表中總資產及歸屬
於母公司業主之權益之比例暨最近期財務報表中營運資金數額（註二）:
MSG及GCL
占公司最近期財務報表中總資產之比例：56.7%及44.64%
占公司最近期財務報表中歸屬於母公司業主之權益之比例：64.89%及 51.09%
最近期財務報表中營運資金數額：35,219,127,000元
14.經紀人及經紀費用:
不適用
15.取得或處分之具體目的或用途:
集團內組織調整
16.本次交易表示異議董事之意見:
無
17.本次交易為關係人交易:是
18.董事會通過日期:
民國108年7月31日
19.監察人承認或審計委員會同意日期:
民國108年7月30日
20.本次交易會計師出具非合理性意見:否
21.會計師事務所名稱:
高威聯合會計師事務所
22.會計師姓名:
李仁勇
23.會計師開業證書字號:
金管會證字第4919號
24.其他敘明事項:
無"
74, 108/08/12, 16:58:33, 顧大為, 財務長, (03)5670766, 聯發科技108年07月份自結合併營收淨額公告,"　第
51 款	"," 108/08/12
","
1.事實發生日:108/08/12
2.公司名稱:聯發科技股份有限公司
3.與公司關係(請輸入本公司或子公司):本公司
4.相互持股比例:不適用
5.發生緣由:
聯發科技一百零八年七月份自結合併營收淨額為新台幣206億8仟8佰萬元，
較前月合併營收淨額新台幣幣208億9仟3佰萬元減少0.98%。
6.因應措施:無
7.其他應敘明事項:無"
75, 108/08/16, 19:06:37, 顧大為, 財務長, (03)5670766," Nephos Cayman Co. Limited董事會決議
向Lightmann Investment Limited買回子公司
擎發通訊科技（合肥）有限公司股份","　第
20 款	"," 108/08/16
","
1.事實發生日:自民國108/8/16至民國108/8/16
2.本次新增（減少）投資方式:
子公司Nephos Cayman Co. Limited向Lightmann Investment Limited
買回子公司擎發通訊科技（合肥）有限公司股份
3.交易單位數量、每單位價格及交易總金額:
交易數量與單位價格：不適用
交易總金額：不超過美金15,000,000元(9.8%股權)
4.大陸被投資公司之公司名稱:
擎發通訊科技（合肥）有限公司
5.前開大陸被投資公司之實收資本額:
美金90,000,000元
6.前開大陸被投資公司本次擬新增資本額:
0
7.前開大陸被投資公司主要營業項目:
軟硬件開發及銷售
8.前開大陸被投資公司最近年度財務報表會計師意見型態:
無保留意見
9.前開大陸被投資公司最近年度財務報表權益總額:
人民幣30,119,330.94元
10.前開大陸被投資公司最近年度財務報表損益金額:
人民幣-233,453,028.10元
11.迄目前為止，對前開大陸被投資公司之實際投資金額:
美金109,860,425.68元
12.交易相對人及其與公司之關係:
Lightmann Investment Limited,非關係人
13.交易相對人為關係人者，並應公告選定關係人為交易對象之原因及前次移轉
之所有人、前次移轉之所有人與公司及交易相對人間相互之關係、前次移轉日期及移轉金額:
不適用
14.交易標的最近五年內所有權人曾為公司之關係人者，尚應公告關係人之取得
及處分日期、價格及交易當時與公司之關係:
不適用
15.處分利益（或損失）:
不適用
16.交付或付款條件（含付款期間及金額）、契約限制條款及其他重要約定事項:
俟經濟部投資審議委員會核准後，依合約進行投資
17.本次交易之決定方式、價格決定之參考依據及決策單位:
Nephos Cayman Co. Limited董事會
18.經紀人:
不適用
19.取得或處分之具體目的:
長期投資
20.本次交易表示異議董事之意見:
無
21.本次交易為關係人交易:否
22.董事會通過日期:
不適用
23.監察人承認或審計委員會同意日期:
不適用
24.迄目前為止，投審會核准赴大陸地區投資總額（含本次投資）:
美金903,334,635元，約新台幣28,090,093,810 元
25.迄目前為止，投審會核准赴大陸地區投資總額（含本次投資）占最近期財務報表
實收資本額之比率:
174%
26.迄目前為止，投審會核准赴大陸地區投資總額（含本次投資）占最近期財務報表
總資產之比率:
8.32%
27.迄目前為止，投審會核准赴大陸地區投資總額（含本次投資）占最近期財務報表
歸屬於母公司業主之權益之比率:
9.62%
28.迄目前為止，實際赴大陸地區投資總額:
美金655,789,754 元
29.迄目前為止，實際赴大陸地區投資總額占最近期財務報表實收資本額之比率:
128.45%
30.迄目前為止，實際赴大陸地區投資總額占最近期財務報表總資產之比率:
6.14%
31.迄目前為止，實際赴大陸地區投資總額占最近期財務報表歸屬於母公司業主之權益之比率:
7.10%
32.最近三年度認列投資大陸損益金額:
105年度：認列投資利益新台幣1,443,937,000元
106年度：認列投資利益新台幣  634,183,000元
107年度 :認列投資利益新台幣 1,285,369,000元
33.最近三年度獲利匯回金額:
0
34.本次交易會計師出具非合理性意見:否
35.會計師事務所名稱:
智權國際會計師事務所
36.會計師姓名:
徐坤光
37.會計師開業證書字號:
台財證登(六)字第三七九六號
38.其他敘明事項:
無"
76, 108/08/16, 19:06:53, 顧大為, 財務長, (03)5670766," Nephos Cayman Co. Limited董事會決議向亞列斯投資
合夥企業（有限合夥）買回子公司擎發通訊科技
（合肥）有限公司股份","　第
20 款	"," 108/08/16
","
1.事實發生日:自民國108/8/16至民國108/8/16
2.本次新增（減少）投資方式:
子公司Nephos Cayman Co. Limited向寧波梅山保稅港區亞列斯投資合夥企業
（有限合夥）買回子公司擎發通訊科技（合肥）有限公司股份
3.交易單位數量、每單位價格及交易總金額:
交易數量與單位價格：不適用
交易總金額：不超過人民幣4,100,000元(0.38%股權)
4.大陸被投資公司之公司名稱:
擎發通訊科技（合肥）有限公司
5.前開大陸被投資公司之實收資本額:
美金90,000,000元
6.前開大陸被投資公司本次擬新增資本額:
0
7.前開大陸被投資公司主要營業項目:
軟硬件開發及銷售
8.前開大陸被投資公司最近年度財務報表會計師意見型態:
無保留意見
9.前開大陸被投資公司最近年度財務報表權益總額:
人民幣30,119,330.94元
10.前開大陸被投資公司最近年度財務報表損益金額:
人民幣-233,453,028.10元
11.迄目前為止，對前開大陸被投資公司之實際投資金額:
美金95,456,009.68元
12.交易相對人及其與公司之關係:
寧波梅山保稅港區亞列斯投資合夥企業（有限合夥）,非關係人
13.交易相對人為關係人者，並應公告選定關係人為交易對象之原因及前次移轉
之所有人、前次移轉之所有人與公司及交易相對人間相互之關係、前次移轉日期及移轉金額:
不適用
14.交易標的最近五年內所有權人曾為公司之關係人者，尚應公告關係人之取得
及處分日期、價格及交易當時與公司之關係:
不適用
15.處分利益（或損失）:
不適用
16.交付或付款條件（含付款期間及金額）、契約限制條款及其他重要約定事項:
俟經濟部投資審議委員會核准後，依合約進行投資
17.本次交易之決定方式、價格決定之參考依據及決策單位:
Nephos Cayman Co. Limited董事會
18.經紀人:
不適用
19.取得或處分之具體目的:
長期投資
20.本次交易表示異議董事之意見:
無
21.本次交易為關係人交易:否
22.董事會通過日期:
不適用
23.監察人承認或審計委員會同意日期:
不適用
24.迄目前為止，投審會核准赴大陸地區投資總額（含本次投資）:
美金888,930,219元，約新台幣27,642,174,089 元
25.迄目前為止，投審會核准赴大陸地區投資總額（含本次投資）占最近期財務報表
實收資本額之比率:
174%
26.迄目前為止，投審會核准赴大陸地區投資總額（含本次投資）占最近期財務報表
總資產之比率:
8.32%
27.迄目前為止，投審會核准赴大陸地區投資總額（含本次投資）占最近期財務報表
歸屬於母公司業主之權益之比率:
9.62%
28.迄目前為止，實際赴大陸地區投資總額:
美金655,789,754 元
29.迄目前為止，實際赴大陸地區投資總額占最近期財務報表實收資本額之比率:
128.45%
30.迄目前為止，實際赴大陸地區投資總額占最近期財務報表總資產之比率:
6.14%
31.迄目前為止，實際赴大陸地區投資總額占最近期財務報表歸屬於母公司業主之權益之比率:
7.10%
32.最近三年度認列投資大陸損益金額:
105年度：認列投資利益新台幣1,443,937,000元
106年度：認列投資利益新台幣  634,183,000元
107年度 :認列投資利益新台幣 1,285,369,000元
33.最近三年度獲利匯回金額:
0
34.本次交易會計師出具非合理性意見:否
35.會計師事務所名稱:
智權國際會計師事務所
36.會計師姓名:
徐坤光
37.會計師開業證書字號:
台財證登(六)字第三七九六號
38.其他敘明事項:
無"
77, 108/08/16, 19:07:08, 顧大為, 財務長, (03)5670766," 代重要子公司Gaintech Co. Limited公告增資
其子公司Nephos Cayman Co. Limited","　第
20 款	"," 108/08/16
","
1.標的物之名稱及性質（屬特別股者，並應標明特別股約定發行條件，如股息率等）:
Nephos Cayman Co. Limited普通股股份
2.事實發生日:108/8/16~108/8/16
3.交易數量、每單位價格及交易總金額:
交易單位數量:16,000,000股,每單位價格:USD1,交易總金額:USD16,000,000
4.交易相對人及其與公司之關係（交易相對人如屬自然人，且非公司之
關係人者，得免揭露其姓名）:
Nephos Cayman Co. Limited; 100%持有子公司
5.交易相對人為關係人者，並應公告選定關係人為交易對象之原因及前次移
轉之所有人、前次移轉之所有人與公司及交易相對人間相互之關係、前次
移轉日期及移轉金額:
不適用。
6.交易標的最近五年內所有權人曾為公司之關係人者，尚應公告關係人之取
得及處分日期、價格及交易當時與公司之關係:
不適用。
7.本次係處分債權之相關事項（含處分之債權附隨擔保品種類、處分債權
如有屬對關係人債權者尚需公告關係人名稱及本次處分該關係人之債權
帳面金額:
不適用。
8.處分利益（或損失）（取得有價證券者不適用）（原遞延者應列表說明
認列情形）:
不適用。
9.交付或付款條件（含付款期間及金額）、契約限制條款及其他重要約定
事項:
董事會決議後安排現金增資；無。
10.本次交易之決定方式、價格決定之參考依據及決策單位:
現金增資；董事會。
11.取得或處分有價證券標的公司每股淨值:
不適用
12.迄目前為止，累積持有本交易證券（含本次交易）之數量、金額、持股
比例及權利受限情形（如質押情形）:
115,110,425.68股；美金115,110,425.68元；100%
13.迄目前為止，依「公開發行公司取得或處分資產處理準則」第三條所列
之有價證券投資（含本次交易）占公司最近期財務報表中總資產及歸屬
於母公司業主之權益之比例暨最近期財務報表中營運資金數額（註二）:
占最近期財務報表中總資產之比例：35.30%
占最近期財務報表中歸屬於母公司業主之權益之比例：40.84%
最近期財務報表中營運資金數額：新台幣35,219,127千元
14.經紀人及經紀費用:
無。
15.取得或處分之具體目的或用途:
營運需求。
16.本次交易表示異議董事之意見:
無。
17.本次交易為關係人交易:是
18.董事會通過日期:
民國108年8月16日
19.監察人承認或審計委員會同意日期:
不適用
20.本次交易會計師出具非合理性意見:不適用
21.會計師事務所名稱:
不適用
22.會計師姓名:
不適用
23.會計師開業證書字號:
不適用
24.其他敘明事項:
無"
78, 108/08/20, 17:30:13, 顧大為, 財務長, (03)5670766, 公告本公司限制員工權利新股註銷完成變更登記事宜,"　第
36 款	"," 108/08/20
","
1.主管機關核准減資日期:108/08/19
2.辦理資本變更登記完成日期:108/08/19
3.對財務報告之影響（含實收資本額與流通在外股數之差異與對每股淨值之影響）:
(1)本次銷除股份30,627股，每股面額新台幣(以下同)壹拾元，
   共計減少資本306,270元。
(2)RSA股份註銷減資前：本公司實收資本額為15,897,218,290元，
   流通在外股數為1,589,721,829股，每股淨值181.44元。
(3)RSA股份註銷減資後：本公司實收資本額為15,896,912,020元，
   流通在外股數為1,589,691,202股，每股淨值181.45元。
(註:每股淨值係以108年第2季之財務報表為設算依據)。
4.預計換股作業計畫:不適用
5.預計減資新股上市後之上市普通股股數:不適用
6.預計減資新股上市後之上市普通股股數占已發行普通股比率
 （減資後上市普通股股數/減資後已發行普通股股數）:不適用
7.前二項預計減資後上巿普通股股數未達6000萬股且未達25%者，請說明股權流通性偏低
  之因應措施:不適用
8.其他應敘明事項:無"
79, 108/09/03, 17:51:19, 顧大為, 財務長, (03)5670766, 公告本公司參與機構投資人說明會,"　第
12 款	"," 108/09/04
","
符合條款第四條第XX款：12
事實發生日：108/09/04
1.召開法人說明會之日期：108/09/04 ~ 108/09/12
2.召開法人說明會之時間：09 時 00 分 
3.召開法人說明會之地點：台北、香港
4.法人說明會擇要訊息：公告本公司108年9月4日至9月6日受邀參加瑞士信貸證券於台北舉辦之20th Credit Suisse Asian Technology Conference及108年9月10日至9月12日受邀參加里昂證券於香港舉辦之26th CLSA Investors’ Forum，會中就本公司已公開發佈之財務數字、經營績效等相關資訊做說明。簡報資料請參閱公開資訊觀測站。
5.其他應敘明事項：無
完整財務業務資訊請至公開資訊觀測站之法人說明會一覽表或法說會項目下查閱。"
80, 108/09/10, 16:57:04, 顧大為, 財務長, (03)5670766, 聯發科技108年08月份自結合併營收淨額公告,"　第
51 款	"," 108/09/10
","
1.事實發生日:108/09/10
2.公司名稱:聯發科技股份有限公司
3.與公司關係(請輸入本公司或子公司):本公司
4.相互持股比例:不適用
5.發生緣由:
聯發科技一百零八年八月份自結合併營收淨額為新台幣230億4仟3佰萬元，
較前月合併營收淨額新台幣幣206億8仟8佰萬元增加11.38%。
6.因應措施:無
7.其他應敘明事項:無"
81, 108/09/20, 18:13:08, 顧大為, 財務長, (03)5670766, 代子公司MediaTek USA Inc.公告合併Nephos Inc.,"　第
11 款	"," 108/09/20
","
1.併購種類(如合併、分割、收購或股份受讓):
合併
2.事實發生日:108/9/20
3.參與併購公司名稱(如合併另一方公司、分割新設公司、收購或受讓股份標的公司之
名稱:
MediaTek USA Inc. (下稱聯發美國)(存續公司)
Nephos Inc. (下稱擎發美國)(消滅公司)
4.交易相對人(如合併另一方公司、分割讓與他公司、收購或受讓股份之交易對象):
Nephos Inc. (下稱擎發美國)
5.交易相對人為關係人:是
6.交易相對人與公司之關係(本公司轉投資持股達XX%之被投資公司)，並說明選定
收購、受讓他公司股份之對象為關係企業或關係人之原因及是否不影響股東權益:
聯發美國及擎發美國皆為聯發科技百分之百持有之子公司。
擬採美國當地法律規定進行合併，屬集團內組織調整不涉及股份轉換或發放股利，
故不影響股東權益。
7.併購目的:
集團內組織調整
8.併購後預計產生之效益:
整合集團資源。
9.併購對每股淨值及每股盈餘之影響:
對聯發科技合併每股淨值及合併每股盈餘無影響
10.換股比例及其計算依據:
不適用。依美國當地合併相關規定辦理。
11.本次交易會計師、律師或證券承銷商出具非合理性意見:不適用
12.會計師或律師事務所名稱或證券承銷商公司名稱:
不適用
13.會計師或律師姓名:
不適用
14.會計師或律師開業證書字號:
不適用
15.預定完成日程:
合併基準日為民國108年10月1日
16.既存或新設公司承受消滅(或分割)公司權利義務相關事項(註二):
自合併基準日起，原擎發美國之權利義務應由聯發美國依法概括承受。
其它相關事項依美國當地規定處理。
17.參與合併公司之基本資料(註三):
聯發美國及擎發美國之業務皆為半導體相關產品之研發
18.分割之相關事項(含預定讓與既存公司或新設公司之營業、資產之評價價值；被
分割公司或其股東所取得股份之總數、種類及數量；被分割公司資本減少時，其資
本減少有關事項)(註：若非分割公告時，則不適用):
不適用
19.併購股份未來移轉之條件及限制:
無
20.其他重要約定事項:
無
21.本次交易，董事有無異議:否
22.併購交易中涉及利害關係董事資訊(自然人董事姓名或法人董事名稱
暨其代表人姓名、其自身或其代表之法人有利害關係之重要內容、其應迴避或
不迴避理由、迴避情形、贊成或反對併購決議之理由):
無
23.其他敘明事項:
無
註二、既存或新設公司承受消滅公司權利義務相關事項，包括庫藏股及已發行具有股權性質有
　　　價證券之處理原則。
註三：參與合併公司之基本資料包括公司名稱及所營業務
　　　之主要內容。"
82, 108/10/09, 16:57:22, 顧大為, 財務長, (03)5670766, 聯發科技108年09月份自結合併營收淨額公告,"　第
51 款	"," 108/10/09
","
1.事實發生日:108/10/09
2.公司名稱:聯發科技股份有限公司
3.與公司關係(請輸入本公司或子公司):本公司
4.相互持股比例:不適用
5.發生緣由:
聯發科技一百零八年九月份自結合併營收淨額為新台幣234億9仟4佰萬元，
較前月合併營收淨額新台幣幣230億4仟3佰萬元增加1.96%。
6.因應措施:無
7.其他應敘明事項:無"
83, 108/10/09, 22:22:49, 顧大為, 財務長, (03)5670766, 代子公司旭思投資(股)公司公告董事會決議絡達科技股份轉換案,"　第
11 款	"," 108/10/09
","
1.併購種類(如合併、分割、收購或股份受讓):
代子公司公告股份轉換
2.事實發生日:108/10/9
3.參與併購公司名稱(如合併另一方公司、分割新設公司、收購或受讓股份標的公司之
名稱:
子公司旭思投資股份有限公司(以下簡稱旭思)
子公司絡達科技股份有限公司(以下簡稱絡達科技)
子公司Airoha (Cayman) Inc. (以下簡稱Airoha (Cayman))
4.交易相對人(如合併另一方公司、分割讓與他公司、收購或受讓股份之交易對象):
子公司Airoha (Cayman) Inc.
5.交易相對人為關係人:是
6.交易相對人與公司之關係(本公司轉投資持股達XX%之被投資公司)，並說明選定
收購、受讓他公司股份之對象為關係企業或關係人之原因及是否不影響股東權益:
此為子公司間依雙方議定之股份轉換合約及相關法令進行股份轉換，
不影響本公司股東權益。
7.併購目的:
集團組織重組。
8.併購後預計產生之效益:
股份轉換完成後，絡達科技成爲Airoha (Cayman) 100%持股之子公司，
增加集團組織彈性。
9.併購對每股淨值及每股盈餘之影響:
本案係子公司間股份轉換，對母公司聯發科技每股淨值及每股盈餘無重大影響。
10.換股比例及其計算依據:
本次股份轉換之換股比例為絡達科技1股轉換為Airoha (Cayman) 1.0383股，
即Airoha (Cayman)發行63,433,967股，取得絡達科技61,092,908股。
換股比例計算係依據雙方近期財務報表，並參酌業務、經營、淨值等，
並委請會計師就換股比例出具合理性意見書後定之。
11.本次交易會計師、律師或證券承銷商出具非合理性意見:否
12.會計師或律師事務所名稱或證券承銷商公司名稱:
智權國際會計師事務所
13.會計師或律師姓名:
徐坤光
14.會計師或律師開業證書字號:
台財證登(六)字第三七九六號
15.預定完成日程:
股份轉換基準日定為民國 109年2月1日。
若因實際情況有調整股份轉換基準日之必要，
授權絡達科技及Airoha (Cayman)董事長決定之。
16.既存或新設公司承受消滅(或分割)公司權利義務相關事項(註二):
Airoha (Cayman)擬發行63,433,967股予旭思，
取得旭思所持有絡達科技61,092,908股之股份。
於前述股份轉換完成後，絡達科技將成爲Airoha (Cayman) 100%持股之子公司。
17.參與合併公司之基本資料(註三):
(1)絡達科技為旭思百分之百持有之子公司，其產品主要包括手機功率放大器(PA)、
射頻開關(T/R Switch)、低雜訊功率放大器(LNA)、數位電視與機頂盒衛星(DVB-S/S2)
調諧器、WiFi射頻收發器和藍牙系統單晶片。
(2)Airoha (Cayman)亦為旭思百分之百持有之子公司，其所營業務主要為一般投資。
18.分割之相關事項(含預定讓與既存公司或新設公司之營業、資產之評價價值；被
分割公司或其股東所取得股份之總數、種類及數量；被分割公司資本減少時，其資
本減少有關事項)(註：若非分割公告時，則不適用):
不適用。
19.併購股份未來移轉之條件及限制:
不適用。
20.其他重要約定事項:
不適用。
21.本次交易，董事有無異議:否
22.併購交易中涉及利害關係董事資訊(自然人董事姓名或法人董事名稱
暨其代表人姓名、其自身或其代表之法人有利害關係之重要內容、其應迴避或
不迴避理由、迴避情形、贊成或反對併購決議之理由):
不適用。
23.其他敘明事項:
本股份轉換案經決議通過後，絡達科技及Airoha (Cayman) 董事會授權其董事長
或其指定之人代表該公司簽署本案之所有相關合約及文件；未來如須修正或調整
股份轉換契約條款者，在法令許可範圍內，亦授權董事長全權處理之。
註二、既存或新設公司承受消滅公司權利義務相關事項，包括庫藏股及已發行具有股權性質有
　　　價證券之處理原則。
註三：參與合併公司之基本資料包括公司名稱及所營業務
　　　之主要內容。"
84, 108/10/16, 16:57:24, 顧大為, 財務長, (03)5670766, 本公司於108/10/30召開第三季法人說明會,"　第
12 款	"," 108/10/30
","
符合條款第四條第XX款：12
事實發生日：108/10/30
1.召開法人說明會之日期：108/10/30
2.召開法人說明會之時間：16 時 00 分 
3.召開法人說明會之地點：線上法說會
4.法人說明會擇要訊息：聯發科技股份有限公司(代號：2454)擬於2019年10月30日(星期三)舉行2019年第三季線上法人說明會，由執行長蔡力行先生以及財務長顧大為先生擔任主講人，報告本公司的營運成果並回答投資人提問。
有意參加者可透過網路連結至本公司網站之投資人專區參加線上法人說明會。欲提問之投資人請撥打以下電話號碼參加會議。
日程及網路會議網址：
日期: 2019年10月30日(星期三)
 時間: 4:00 – 5:00 p.m.      語言: 中文
 網址: http://wms.gridow.com/ir/mediatek/tw/mediatek_2019Q3_tw.html
 時間: 5:30 – 6:30 p.m.      語言: 英文
 網址: http://wms.gridow.com/ir/mediatek/en/mediatek_2019Q3_en.html
電話法人說明會撥打號碼: +886-2-21928016
電話接通後，請按代碼: 587230#
本公司當季財務報告新聞稿您可以於會議前 10至15分鐘至本公司網站www.mediatek.com下載。若您有任何問題請撥打+ 886-3-567-0766 與我們的投資人關係專人連絡。
5.其他應敘明事項：無
完整財務業務資訊請至公開資訊觀測站之法人說明會一覽表或法說會項目下查閱。"
85, 108/10/25, 17:38:06, 顧大為, 財務長, (03)5670766," 代子公司翔發投資(股)公司公告董事同意通過與擎發通訊科技
(股)公司及鼎睿通訊科技(股)公司合併案","　第
11 款	"," 108/10/25
","
1.併購種類(如合併、分割、收購或股份受讓):
合併
2.事實發生日:108/10/25
3.參與併購公司名稱(如合併另一方公司、分割新設公司、收購或受讓股份標的公司之
名稱:
翔發投資(股)公司 (存續公司)
4.交易相對人(如合併另一方公司、分割讓與他公司、收購或受讓股份之交易對象):
擎發通訊科技(股)公司 (消滅公司)
鼎睿通訊科技(股)公司 (消滅公司)
5.交易相對人為關係人:是
6.交易相對人與公司之關係(本公司轉投資持股達XX%之被投資公司)，並說明選定
收購、受讓他公司股份之對象為關係企業或關係人之原因及是否不影響股東權益:
擎發通訊科技(股)公司及鼎睿通訊科技(股)公司皆為翔發投資(股)公司持股100%
之子公司，三方依企業購併法第19條進行簡易合併，係為同集團組織重整，
無涉換股比例約定或配發股東現金或其他財產之行為，故對股東權益無影響。
7.併購目的:
集團內組織調整
8.併購後預計產生之效益:
簡化組織架構，整合集團資源。
9.併購對每股淨值及每股盈餘之影響:
對聯發科技合併每股淨值及合併每股盈餘無影響
10.換股比例及其計算依據:
不適用。
11.本次交易會計師、律師或證券承銷商出具非合理性意見:不適用
12.會計師或律師事務所名稱或證券承銷商公司名稱:
不適用
13.會計師或律師姓名:
不適用
14.會計師或律師開業證書字號:
不適用
15.預定完成日程:
合併基準日為民國108年12月1日
16.既存或新設公司承受消滅(或分割)公司權利義務相關事項(註二):
擎發通訊科技(股)公司及鼎睿通訊科技(股)公司之資產、負債於合併基準日
仍有效之一切權利及義務，均由翔發投資(股)公司概括承受。
17.參與合併公司之基本資料(註三):
翔發投資(股)公司之營業項目為一般投資業
擎發通訊科技(股)公司及鼎睿通訊科技(股)公司之營業項目為半導體相關產品之研發
18.分割之相關事項(含預定讓與既存公司或新設公司之營業、資產之評價價值；被
分割公司或其股東所取得股份之總數、種類及數量；被分割公司資本減少時，其資
本減少有關事項)(註：若非分割公告時，則不適用):
不適用
19.併購股份未來移轉之條件及限制:
無
20.其他重要約定事項:
無
21.本次交易，董事有無異議:否
22.併購交易中涉及利害關係董事資訊(自然人董事姓名或法人董事名稱
暨其代表人姓名、其自身或其代表之法人有利害關係之重要內容、其應迴避或
不迴避理由、迴避情形、贊成或反對併購決議之理由):
無
23.其他敘明事項:
無
註二、既存或新設公司承受消滅公司權利義務相關事項，包括庫藏股及已發行具有股權性質有
　　　價證券之處理原則。
註三：參與合併公司之基本資料包括公司名稱及所營業務
　　　之主要內容。"
86, 108/10/25, 17:39:05, 顧大為, 財務長, (03)5670766," 代子公司擎發通訊科技(股)公司及鼎睿通訊科技(股)公司
簡易合併案債權人公告","　第
51 款	"," 108/10/25
","
1.事實發生日:108/10/25
2.公司名稱:擎發通訊科技(股)公司及鼎睿通訊科技(股)公司
3.與公司關係(請輸入本公司或子公司):子公司
4.相互持股比例:100%
5.發生緣由:
一、擎發通訊科技(股)公司及鼎睿通訊科技(股)公司於一○八年十月二十五日召開
董事會決議通過與100%持有之母公司翔發投資(股)公司合併案，
合併後以翔發投資(股)公司為存續公司，擎發通訊科技(股)公司
及鼎睿通訊科技(股)公司為消滅公司，合併後存續公司之中文
名稱為「翔發投資(股)公司」。自合併基準日(預定為一○八年
十二月一日)起，二消滅公司所有資產負債及一切權利義務均
由翔發投資(股)公司概括承受。
二、本通知依公司法第319條準用第73條規定及企業併購法第19條規定辦理，
擎發通訊科技(股)公司及鼎睿通訊科技(股)公司債權人對上開合併決議有異議者，
請於公告日起三十一日內，檢附債權證明文件，以書面方式親交或郵寄
(以郵戳日為憑)向擎發通訊科技(股)公司及鼎睿通訊科技(股)公司提出，
逾期視為無異議。
6.因應措施:另採報紙公告及各債權人發函通知。
7.其他應敘明事項:無"
87, 108/10/25, 17:39:45, 顧大為, 財務長, (03)5670766, 代重要子公司MediaTek Singapore Pte. Ltd公告董事變動,"　第
6 款	"," 108/10/25
","
1.發生變動日期:108/10/25
2.選任或變動人員別（請輸入法人董事、法人監察人、獨立董事、自然人董事
  或自然人監察人）:董事
3.舊任者職稱、姓名及簡歷:谷中強，MediaTek Singapore Pte. Ltd.董事
4.新任者職稱、姓名及簡歷: Bun Suan Heng，MediaTek Singapore Pte. Ltd.總經理
5.異動情形（請輸入「辭職」、「解任」、「任期屆滿」、「逝世」或「新任」）:辭職
6.異動原因:個人因素
7.新任者選任時持股數:無
8.原任期（例xx/xx/xx ~ xx/xx/xx）:不適用
9.新任生效日期:108/11/1
10.同任期董事變動比率:1/2
11.同任期獨立董事變動比率:不適用
12.同任期監察人變動比率:不適用
13.屬三分之一以上董事發生變動（請輸入是或否）:是
14.其他應敘明事項:無"
88, 108/10/25, 17:40:18, 顧大為, 財務長, (03)5670766," 代重要子公司MediaTek Investment Singapore Pte. Ltd
公告董事變動","　第
6 款	"," 108/10/25
","
1.發生變動日期:108/10/25
2.選任或變動人員別（請輸入法人董事、法人監察人、獨立董事、自然人董事
  或自然人監察人）:董事
3.舊任者職稱、姓名及簡歷:谷中強，MediaTek Investment Singapore Pte. Ltd董事
4.新任者職稱、姓名及簡歷: Bun Suan Heng，MediaTek Singapore Pte Ltd總經理
5.異動情形（請輸入「辭職」、「解任」、「任期屆滿」、「逝世」或「新任」）:辭職
6.異動原因:個人因素
7.新任者選任時持股數:無
8.原任期（例xx/xx/xx ~ xx/xx/xx）:不適用
9.新任生效日期:108/11/1
10.同任期董事變動比率:1/2
11.同任期獨立董事變動比率:不適用
12.同任期監察人變動比率:不適用
13.屬三分之一以上董事發生變動（請輸入是或否）:是
14.其他應敘明事項:無"
89, 108/10/25, 17:42:19, 顧大為, 財務長, (03)5670766," 代子公司聯發科(武漢)有限公司公告以租地委建方式
新建辦公大樓及取得土地使用權資產","　第
20 款	"," 108/10/25
","
1.契約種類:租地委建
2.事實發生日:108/10/25~108/10/25
3.契約相對人及其與公司之關係:
辦公大樓興建契約相對人：
江蘇萬年達建設集團有限公司、聯興建設湖北有限公司等;非關係人
土地使用權租賃契約相對人：
武漢市國土資源和規劃局東湖新技術開發區分局；非關係人
4.契約主要內容（含契約總金額、預計參與投入之金額及契約起迄日期）
、限制條款及其他重要約定事項:
辦公大樓興建契約：
交易總金額不超過3.71億人民幣(約當新台幣16億元)，預計於2022年完工。
無限制條款及其他重要約定事項。
土地使用權租賃契約：
土地坐落於金融港二路以北、金融港中路以東。
交易單位數量為15,139.74平方米、每單位租金為每平方米人民幣600.41元。
租金總金額為人民幣909萬元(約當新台幣3千9百萬元)，簽約後一次付清。
使用權資產為人民幣909萬元(約當新台幣3千9百萬元)。
使用期限：2018年12月29日至2068年12月28日。
5.專業估價者事務所或公司名稱及其估價結果:
不適用
6.不動產估價師姓名:
不適用
7.不動產估價師開業證書字號:
不適用
8.取得之具體目的:
作為辦公大樓營運使用
9.本次交易表示異議之董事意見:
無
10.本次交易為關係人交易:否
11.董事會通過日期:
不適用
12.監察人承認或審計委員會同意日期:
不適用
13.估價報告是否為限定價格、特定價格或特殊價格:否或不適用
14.是否尚未取得估價報告:否或不適用
15.尚未取得估價報告之原因:
不適用
16.估價結果有重大差異時，其差異原因及會計師意見:
不適用
17.會計師事務所名稱:
不適用
18.會計師姓名:
不適用
19.會計師開業證書字號:
不適用
20.其他敘明事項:
本次取得土地使用權之決定方式為政府招標，
價格決定方式係依據地方政府工業用地標準依各行業規定招標，
決策單位為聯發科(武漢)有限公司股東。"
90, 108/10/30, 18:24:02, 顧大為, 財務長, (03)5670766, 本公司2019年第3季合併財務報告,"　第
51 款	"," 108/10/30
","
1.事實發生日:108/10/30
2.公司名稱:聯發科技股份有限公司
3.與公司關係(請輸入本公司或子公司):本公司
4.相互持股比例:不適用
5.發生緣由:
聯發科技公佈2019年第3季合併財務報告
本季合併營收為新台幣672億2仟4佰萬元，較前季增加9.2%，較去年同期增加0.3%
本季合併毛利率為42.1%，較前季增加0.2個百分點，較去年同期增加3.6個百分點
本季合併營業利益為新台幣70億2仟9佰萬元，較前季增加14.4%，較去年同期
增加11.4%
本季合併本期淨利為新台幣69億2佰萬元，每股盈餘為新台幣4.38元

合併營業收入
本公司2019年9月30日結算之第3季營業收入淨額為新台幣672億2仟4佰萬元，較
前季增加9.2%，較去年同期增加0.3%。本季營收較前季增加，主要因智慧型手機
新產品放量及消費性電子季節性需求回升。

合併營業毛利與毛利率
本季營業毛利為新台幣282億9仟萬元，較前季增加9.7%，較去年同期增加9.5%。
毛利率為42.1%，較前季增加0.2個百分點，較去年同期增加3.6個百分點。本季
毛利率較前季及去年同期增加，主要因有利的產品組合。

合併本期淨利、合併本期淨利率與每股盈餘
本季本期淨利為新台幣69億2佰萬元，較前一季增加6.1%，較去年同期增加2.5%。
本季本期淨利率為10.3%，低於前一季之10.6%，高於去年同期之10.0%。每股盈
餘為新台幣4.38元，前一季每股盈餘為新台幣4.11元，去年同期則為新台幣4.30元。
本季本期淨利與每股盈餘較前季增加，主要因本季營收及毛利較前季增加。本期
淨利率較前季略低，主要因前季有ㄧ次性的業外處分利益。本季本期淨利、本期
淨利率與每股盈餘較去年同期增加，主要因本季毛利提升。

2019年第四季營運展望
合併營收: 約新台幣 618 億 ~ 672 億元
(假設2019-Q4美元兌台幣平均匯率為1：30.6)
合併毛利率: 42%  ±  1.5%
合併營業費用率: 32.5%  ±  2%
6.因應措施:不適用
7.其他應敘明事項:無"
91, 108/10/30, 18:27:51, 顧大為, 財務長, (03)5670766, 民國108年度第四季簡式合併財務預測公告,"　第
13 款	"," 108/10/30
","
1.財務預測年度：108
2.財務預測型態：簡式
3.董事會決議日期：1081030
4.財務預測編制、更正或更新日期：108/10/28
5.財務預測編製原因：
自願公開
6.其他應敘明事項：
無
　　　　　　　　　　本資料係屬預測性質，將來未必能完全達成，詳細內容應再參考
　　　　　　　　　　　　　　　　'重要會計政策及基本假設彙總'"
92, 108/10/30, 18:29:31, 顧大為, 財務長, (03)5670766, 公告本公司董事會決議辦理限制員工權利新股收回註銷減資事宜,"　第
11 款	"," 108/10/30
","
1.董事會決議日期:108/10/30
2.減資緣由:因原獲配限制員工權利新股之員工未達既得條件，將收回之限制員工權利
新股辦理註銷減資。
3.減資金額:新台幣2,183,250元
4.消除股份:218,325股
5.減資比率:0.0137%
6.減資後股本:新台幣15,894,728,770元
7.預定股東會日期:不適用
8.預計減資新股上市後之上市普通股股數:1,589,472,877股
9.預計減資新股上市後之上市普通股股數占已發行普通股比率
（減資後上市普通股股數/減資後已發行普通股股數）:不適用
10.前二項預計減資後上巿普通股股數未達6000萬股且未達25%者，
請說明股權流通性偏低之因應措施:不適用
11.其他應敘明事項:訂定減資基準日為108/10/30"
93, 108/10/30, 18:30:02, 顧大為, 財務長, (03)5670766, 公告本公司董事會解除經理人競業禁止之限制,"　第
21 款	"," 108/10/30
","
1.董事會決議日:108/10/30
2.許可從事競業行為之經理人姓名及職稱:
謝清江；副董事長
顧大為；執行副總經理暨財務長
3.許可從事競業行為之項目:
與本公司營業範圍相同或類似之營業項目
4.許可從事競業行為之期間:任職期間
5.決議情形（請依公司法第32條說明表決結果）:
除對本案有利益關係之董事已迴避外，經主席徵詢其餘出席董事全體無異議通過
6.所許可之競業行為如屬大陸地區事業之營業者，經理人姓名及職稱
（非屬大陸地區事業之營業者，以下請輸〝不適用〞）:
謝清江；副董事長
顧大為；執行副總經理暨財務長
7.所擔任該大陸地區事業之公司名稱及職務:
謝清江：擬擔任唯捷創芯(天津)電子技術股份有限公司董事及董事長
顧大為：擬擔任唯捷創芯(天津)電子技術股份有限公司董事
8.所擔任該大陸地區事業地址:
天津開發區信環西路19號泰達服務外包產業園2號樓2701-3室
9.所擔任該大陸地區事業營業項目:
集成電路的設計諮詢、研發、測試、銷售及相關技術服務
10.對本公司財務業務之影響程度:無
11.經理人如有對該大陸地區事業從事投資者，其投資金額及持股比例:不適用
12.其他應敘明事項:無"
94, 108/10/30, 18:30:59, 顧大為, 財務長, (03)5670766, 代子公司絡達科技股份有限公司公告向關係人取得使用權資產,"　第
20 款	"," 108/10/30
","
1.標的物之名稱及性質（如坐落台中市北區ＸＸ段ＸＸ小段土地）:
台北市內湖區堤頂大道一段1號2樓部分
2.事實發生日:108/10/30~108/10/30
3.交易單位數量（如ＸＸ平方公尺，折合ＸＸ坪）、每單位價格及交易總金額:
交易單位數量：11.88坪
每單位價格﹕每坪每月租金新台幣1,030元(含稅)
交易總金額﹕每月新台幣12,236元(含稅)
使用權資產總金額﹕369,187
4.交易相對人及其與公司之關係（交易相對人如屬自然人，且非公司之關
係人者，得免揭露其姓名）:
交易相對人﹕聯發科技股份有限公司
與公司之關係：母公司
5.交易相對人為關係人者，並應公告選定關係人為交易對象之原因及前次移轉之
所有人、前次移轉之所有人與公司及交易相對人間相互之關係、前次移轉日期
及移轉金額:
選定關係人為交易對象之原因：此租賃物件交通位置、坪數大小等條件
符合公司業務上整體發展的需求
前次移轉日期﹕不適用
前次移轉金額﹕不適用
6.交易標的最近五年內所有權人曾為公司之關係人者，尚應公告關係
人之取得及處分日期、價格及交易當時與公司之關係:
不適用
7.預計處分利益（或損失）（取得資產者不適用）（遞延者應列表說明
認列情形）:
不適用
8.交付或付款條件（含付款期間及金額）、契約限制條款及其他重要約定
事項:
付款條件：每月支付, 每次支付新台幣12,236元(含稅)
依合約起始日起算﹕108/11/1~111/6/30
契約限制條款及其他重要約定事項：無
9.本次交易之決定方式（如招標、比價或議價）、價格決定之參考依據及
決策單位:
本次交易之決定方式及價格決定之參考依據:依區域行情議價
決策單位:董事會
10.專業估價者事務所或公司名稱及其估價金額:
不適用
11.專業估價師姓名:
不適用
12.專業估價師開業證書字號:
不適用
13.估價報告是否為限定價格、特定價格或特殊價格:否或不適用
14.是否尚未取得估價報告:否或不適用
15.尚未取得估價報告之原因:
不適用
16.估價結果有重大差異時，其差異原因及會計師意見:
不適用
17.會計師事務所名稱:
不適用
18.會計師姓名:
不適用
19.會計師開業證書字號:
不適用
20.經紀人及經紀費用:
不適用
21.取得或處分之具體目的或用途:
此租賃物件交通位置、坪數大小等條件符合公司業務上整體發展的需求
22.本次交易表示異議之董事之意見:
無
23.本次交易為關係人交易:是
24.董事會通過日期:
民國108年10月30日
25.監察人承認或審計委員會同意日期:
不適用，本公司無設置監察人
26.本次交易係向關係人取得不動產或其使用權資產:是
27.依「公開發行公司取得或處分資產處理準則」第十六條規定
評估之價格:不適用
28.依前項評估之價格較交易價格為低者，依同準則第十七條規
定評估之價格:不適用
29.其他敘明事項:
無"
95, 108/11/05, 16:46:37, 顧大為, 財務長, (03)5670766, 公告本公司參與機構投資人說明會,"　第
12 款	"," 108/11/06
","
符合條款第四條第XX款：12
事實發生日：108/11/06
1.召開法人說明會之日期：108/11/06 ~ 108/11/27
2.召開法人說明會之時間：09 時 00 分 
3.召開法人說明會之地點：北京、澳門、香港、新加坡、台北
4.法人說明會擇要訊息：公告本公司108年11月6日至11月7日受邀參加美林證券於北京舉辦之China Conference 2019，108年11月7日至11月8日受邀參加花旗證券於澳門舉辦之China Investor Conference 2019，108年11月14日受邀參加大和證券於香港舉辦之The 14th Annual Daiwa Investment Conference，108年11月15日受邀參加野村證券於香港舉辦之Taiwan Corporate Day 2019，108年11月18日至11月19日受邀參加摩根大通證券於香港舉辦之Global Technology, Media and Telecom Conference， 108年11月21日至11月22日受邀參加摩根史丹利證券於新加坡舉辦之The 18th Annual Asia Pacific Summit，108年11月25日受邀參加里昂證券於台北舉辦之Market Movers 2020及 108年11月27日受邀參加臺灣證券交易所於台北舉辦之5G應用主題式業績發表會，會中就本公司已公開發佈之財務數字、經營績效等相關資訊做說明。簡報資料請參閱公開資訊觀測站。
5.其他應敘明事項：無
完整財務業務資訊請至公開資訊觀測站之法人說明會一覽表或法說會項目下查閱。"
96, 108/11/08, 16:56:29, 顧大為, 財務長, (03)5670766, 聯發科技108年10月份自結合併營收淨額公告,"　第
51 款	"," 108/11/08
","
1.事實發生日:108/11/08
2.公司名稱:聯發科技股份有限公司
3.與公司關係(請輸入本公司或子公司):本公司
4.相互持股比例:不適用
5.發生緣由:
聯發科技一百零八年十月份自結合併營收淨額為新台幣220億3佰萬元，
較前月合併營收淨額新台幣234億9仟4佰萬元減少6.35%。
6.因應措施:無
7.其他應敘明事項:無"
97, 108/11/14, 17:32:49, 顧大為, 財務長, (03)5670766, 代子公司匯發國際(香港)有限公司公告處分有價證券計劃執行情形,"　第
20 款	"," 108/11/14
","
1. 原公告日期：
108/04/30
2. 簡述原公告申報內容：
自民國108年05月27日至民國108年11月22日預計處分深圳市匯頂科技股份有限公司
(下稱「匯頂」)普通股股份，交易數量9,133,032單位，
預計交易總金額約人民幣11.60億元(約新台幣53.46億元;
匯率為1人民幣對4.606新台幣)，
如何實施此出售計畫將視市場情況、匯頂股價等因素而定。
3. 變動緣由及主要內容：
自民國108年05月27日至民國108年11月13日，共處分匯頂普通股股份9,117,243單位，
總交易總金額約人民幣15.68億元 
(約新台幣68.51億元; 匯率為1人民幣對4.369新台幣)
4. 變動後對公司財務業務之影響：
對稅後淨利及每股盈餘無影響;
其它綜合損益約新台幣55.78億元，其中約新台幣53.90億元已認列其它綜合損益
未實現評價利益(匯率為1人民幣對4.369新台幣計算)
5. 其他應敘明事項：
無"
98, 108/11/20, 18:22:31, 顧大為, 財務長, (03)5670766, 公告本公司限制員工權利新股註銷完成變更登記事宜,"　第
36 款	"," 108/11/20
","
1.主管機關核准減資日期:108/11/19
2.辦理資本變更登記完成日期:108/11/19
3.對財務報告之影響（含實收資本額與流通在外股數之差異與對每股淨值之影響）:
(1)本次銷除股份218,325股，每股面額新台幣(以下同)壹拾元，
   共計減少資本2,183,250元。
(2)RSA股份註銷減資前：本公司實收資本額為15,896,912,020元，
   流通在外股數為1,589,691,202股，每股淨值196.77元。
(3)RSA股份註銷減資後：本公司實收資本額為15,894,728,770元，
   流通在外股數為1,589,472,877股，每股淨值196.80元。
(註:每股淨值係以108年第3季之財務報表為設算依據)。
4.預計換股作業計畫:不適用
5.預計減資新股上市後之上市普通股股數:不適用
6.預計減資新股上市後之上市普通股股數占已發行普通股比率
 （減資後上市普通股股數/減資後已發行普通股股數）:不適用
7.前二項預計減資後上巿普通股股數未達6000萬股且未達25%者，請說明股權流通性偏低
  之因應措施:不適用
8.其他應敘明事項:無"
99, 108/11/22, 22:29:34, 顧大為, 財務長, (03)5670766, 代子公司匯發國際(香港)有限公司公告處分有價證券計劃,"　第
20 款	"," 109/06/12
","
1.證券名稱:
深圳市匯頂科技股份有限公司(下稱「匯頂」)普通股股份
2.交易日期:108/12/16~109/6/12
3.交易數量、每單位價格及交易總金額:
實際出售情況將視市場需求、匯頂股價等因素而定，並依法規進行 
匯發擬出售不超過匯頂總股本5%之股份，預計交易數量不超過22,786,614單位，
預計交易總金額約人民幣48.17億元, 約新台幣209.98億元
(如以2019年11月21日匯頂收盤價人民幣211.40元及
匯率為1人民幣對4.359新台幣計算)，
出售方式包括以市場競價方式、大宗交易方式或協議轉讓方式出售。
4.處分利益（或損失）（取得有價證券者不適用）:
對稅後淨利及每股盈餘無影響;
其它綜合損益約新台幣172.14億元，其中約新台幣149.14億元
已認列其它綜合損益未實現評價利益
(如以2019年11月21日匯頂收盤價人民幣211.40元及匯率為1人民幣對4.359新台幣計算)
5.與交易標的公司之關係:
非關係人
6.迄目前為止，累積持有本交易證券（含本次交易）之數量、金額、持股
比例及權利受限情形（如質押情形）:
本次交易計劃完成後，持有匯頂股份之數量為31,216,205股（持股比例約為6.85%), 
於匯發帳面之價值約新台幣272.90億元。 匯發國際將來如有出售匯頂股份事宜，
仍應依當地相關法規辦理。
(如以2019年11月21日匯頂收盤價人民幣211.40元及匯率為1人民幣對4.359新台幣計算)
7.迄目前為止，依「公開發行公司取得或處分資產處理準則」第三條所列之有價證券投
資（含本次交易）占公司最近期財務報表中總資產及歸屬於母公司業主之權益之比例
暨最近期財務報表中營運資金數額:
8.22%; 8.77%；新台幣35,219,127,000元 
(如以2019年11月21日匯頂收盤價人民幣211.40元及匯率為1人民幣對4.359新台幣計算)
8.取得或處分之具體目的:
公司資金規劃
9.本次交易表示異議董事之意見:
無
10.本次交易為關係人交易:
否
11.交易相對人及其與公司之關係:
不適用
12.董事會通過日期:
不適用
13.監察人承認或審計委員會同意日期:
不適用
14.其他敘明事項:
如何實施此出售計畫將視市場情況、匯頂股價等因素而定， 
如有具體交易，將於處分計劃完成或上述交易期間屆滿後，
依相關規定辦理後續公告事宜。"
100, 108/12/10, 16:55:48, 顧大為, 財務長, (03)5670766, 聯發科技108年11月份自結合併營收淨額公告,"　第
51 款	"," 108/12/10
","
1.事實發生日:108/12/10
2.公司名稱:聯發科技股份有限公司
3.與公司關係(請輸入本公司或子公司):本公司
4.相互持股比例:不適用
5.發生緣由:
聯發科技一百零八年十一月份自結合併營收淨額為新台幣206億1仟6佰萬元，
較前月合併營收淨額新台幣220億3佰萬元減少6.3%。
6.因應措施:無
7.其他應敘明事項:無"
101, 108/12/27, 17:32:16, 顧大為, 財務長, (03)5670766, 代子公司絡達科技股份有限公司公告向關係人取得使用權資產,"　第
20 款	"," 108/12/27
","
1.標的物之名稱及性質（如坐落台中市北區ＸＸ段ＸＸ小段土地）:
新竹市科學園區篤行路5號2樓部份
2.事實發生日:108/12/27~108/12/27
3.交易單位數量（如ＸＸ平方公尺，折合ＸＸ坪）、每單位價格及交易總金額:
交易單位數量：230.5坪
每單位價格﹕每坪每月租金新台幣1,425元(含稅)
交易總金額﹕每月新台幣328,463元(含稅)
使用權資產總金額﹕8,687,503
4.交易相對人及其與公司之關係（交易相對人如屬自然人，且非公司之關
係人者，得免揭露其姓名）:
交易相對人﹕聯發科技股份有限公司
與公司之關係：母公司
5.交易相對人為關係人者，並應公告選定關係人為交易對象之原因及前次移轉之
所有人、前次移轉之所有人與公司及交易相對人間相互之關係、前次移轉日期
及移轉金額:
選定關係人為交易對象之原因：此租賃物件交通位置、坪數大小等條件
符合公司業務上整體發展的需求
前次移轉日期﹕不適用
前次移轉金額﹕不適用
6.交易標的最近五年內所有權人曾為公司之關係人者，尚應公告關係
人之取得及處分日期、價格及交易當時與公司之關係:
不適用
7.預計處分利益（或損失）（取得資產者不適用）（遞延者應列表說明
認列情形）:
不適用
8.交付或付款條件（含付款期間及金額）、契約限制條款及其他重要約定
事項:
付款條件：每月支付, 每次支付新台幣328,463元(含稅)
依合約起始日起算﹕109/01/07~111/05/06
契約限制條款及其他重要約定事項：無
9.本次交易之決定方式（如招標、比價或議價）、價格決定之參考依據及
決策單位:
本次交易之決定方式及價格決定之參考依據:依區域行情議價
決策單位:董事會
10.專業估價者事務所或公司名稱及其估價金額:
不適用
11.專業估價師姓名:
不適用
12.專業估價師開業證書字號:
不適用
13.估價報告是否為限定價格、特定價格或特殊價格:否或不適用
14.是否尚未取得估價報告:否或不適用
15.尚未取得估價報告之原因:
不適用
16.估價結果有重大差異時，其差異原因及會計師意見:
不適用
17.會計師事務所名稱:
不適用
18.會計師姓名:
不適用
19.會計師開業證書字號:
不適用
20.經紀人及經紀費用:
不適用
21.取得或處分之具體目的或用途:
此租賃物件交通位置、坪數大小等條件符合公司業務上整體發展的需求
22.本次交易表示異議之董事之意見:
無
23.本次交易為關係人交易:是
24.董事會通過日期:
民國108年12月27日
25.監察人承認或審計委員會同意日期:
不適用，本公司無設置監察人
26.本次交易係向關係人取得不動產或其使用權資產:是
27.依「公開發行公司取得或處分資產處理準則」第十六條規定
評估之價格:不適用
28.依前項評估之價格較交易價格為低者，依同準則第十七條規
定評估之價格:不適用
29.其他敘明事項:
無"
102, 108/12/27, 17:32:42, 顧大為, 財務長, (03)5670766," 代重要子公司MEDIATEK SINGAPORE PTE. LTD.
董事會公告決議發放股利","　第
14 款	"," 108/12/27
","
1.董事會決議日期:108/12/27
2.發放股利種類及金額:
發放現金股利USD150,000,000元
3.其他應敘明事項:
本公司持有MEDIATEK SINGAPORE PTE. LTD. 100%之股權"
